0.0 0.09289410875062032 0.08897133539712172 0.09357941252924357 0.08977479499964554 0.09225606730155729 0.16572535860292553 0.09272869059715953 0.08828603161849848 0.09114540255689203 0.08906586005624217 0.09395751116572536 0.08975116383486542 0.09471370843868894 0.15665099132736252 0.1558002693952785 0.15199565186568045 0.1564146796795614 0.1597703050783373 0.16322045513623368 0.16501642365952218 0.1670250726658317 0.16924640215516223 0.1849374955691566 0.16591440792116643 0.16733227780797316 0.15480776047451378 0.09341399437578278 0.09613157832549567 0.16903372167214123 0.1725547652243779 0.09027104946002788 0.0908854597443108 0.16515821064820285 0.1644729068695796 0.1656308339438051 0.16577262093248576 0.1920268450031902 0.16574898976770566 0.17106600184323084 0.17002623059290592 0.16437838221045914 0.18002221329489332 0.19273577994659358 0.19635134815795072 0.1916014840371482 0.15721813928208522 0.16005387905569865 0.16496916132996195 0.19231041898055154 0.16577262093248576
0.09289410875062032 0.0 0.09112177139211192 0.09256327244369875 0.09201975565375617 0.09213791147765674 0.17042796039416783 0.09076730392041024 0.08812061346503769 0.09201975565375617 0.09183070633551528 0.0938393553418248 0.09204338681853629 0.09327220738710211 0.15998298556135832 0.15785618073114824 0.15523312144055582 0.1603138218682799 0.1629132499940922 0.16551267811990453 0.16986081243944515 0.17045159155894793 0.17205851076399556 0.18661530826854456 0.16976628778032468 0.16787579459791574 0.15884868965191296 0.09258690360847886 0.09232696079589763 0.17184583028097455 0.17555592315145213 0.09242148545501808 0.09123992721601248 0.1682066309048373 0.16733227780797316 0.16934092681428267 0.16815936857527708 0.19431906798686108 0.16969539428598435 0.17298012619041991 0.17307465084954038 0.16808847508093674 0.18515017605217762 0.194933478271144 0.19878535813030224 0.19488621594158376 0.16036108419784012 0.16319682397145355 0.1689628281778009 0.19431906798686108 0.16882104118912022
0.08897133539712172 0.09112177139211192 0.0 0.09591889784247466 0.09121629605123237 0.09629699647895645 0.1680175815865964 0.09199612448897607 0.08982205732920576 0.09367393718836402 0.0906964104260699 0.09393388000094524 0.0924687477845783 0.0942174539783066 0.1597939362431174 0.15908500129971406 0.1558002693952785 0.15790344306070847 0.16357492260793535 0.16655244937022945 0.16778126993879527 0.16950634496774347 0.1725311340595978 0.1853392253704185 0.17085332136020984 0.16872651652999976 0.1581870170380698 0.0930595269040811 0.09629699647895645 0.17354727414514262 0.1756977101401328 0.09360304369402368 0.08968027034052509 0.16811210624571685 0.16789942576269584 0.1707587967010894 0.16844294255263842 0.19464990429378265 0.16771037644445494 0.17401989744074486 0.17132594465581208 0.1668123921828107 0.1845357657678947 0.19531157690762577 0.20058132665359077 0.1951225275893849 0.1609282321525628 0.16371670959661602 0.169199139825602 0.19545336389630644 0.16844294255263842
0.09357941252924357 0.09256327244369875 0.09591889784247466 0.0 0.0938393553418248 0.09367393718836402 0.16865562303565942 0.09320131389276178 0.08979842616442564 0.09487912659214973 0.08968027034052509 0.0920670179833164 0.09239785429023796 0.09584800434813431 0.1615190112720656 0.15669825365692275 0.1575726067537869 0.15773802490724767 0.16378760309095636 0.16709596616017203 0.16648155587588911 0.16981355010988491 0.17160951863317342 0.18763144835408938 0.16983718127466502 0.16870288536521966 0.1587305338280124 0.09095635323865113 0.09339036321100266 0.17149136280927288 0.1750596686910698 0.09112177139211192 0.09046009877826879 0.16756858945577427 0.16735590897275326 0.16818299974005718 0.16808847508093674 0.19212136966231066 0.1678285322683555 0.16969539428598435 0.17248387173003757 0.16560720277902496 0.18243259210246474 0.1943899614812014 0.19928161259068458 0.19443722381076164 0.16057376468086113 0.1644965380343597 0.165819883262046 0.19585509369756834 0.16591440792116643
0.08977479499964554 0.09201975565375617 0.09121629605123237 0.0938393553418248 0.0 0.09454829028522815 0.16990807476900535 0.09483186426258951 0.09076730392041024 0.09272869059715953 0.08866413025498027 0.09407566698962593 0.09161802585249428 0.09572984852423376 0.15842332868587092 0.1556348512418177 0.15509133445187515 0.15724177044686533 0.16026655953871966 0.16574898976770566 0.16787579459791574 0.1670014415010516 0.16993170593378548 0.18656804593898432 0.1685847295413191 0.16749769596143393 0.15554032658269726 0.09230332963111752 0.09473733960346906 0.17241297823569723 0.17498877519672945 0.09251601011413853 0.09123992721601248 0.166457924711109 0.16690691684193115 0.16735590897275326 0.16825389323439752 0.19365739537301793 0.1671904908192925 0.17108963300801097 0.17203487959921546 0.16676512985325045 0.1823616986081244 0.19304298508873502 0.19854904648250113 0.19394096935037927 0.1579979677198289 0.16168442942552638 0.16711959732495216 0.19460264196422242 0.16688328567715102
0.09225606730155729 0.09213791147765674 0.09629699647895645 0.09367393718836402 0.09454829028522815 0.0 0.1678049011035754 0.09466644610912872 0.09249237894935841 0.09450102795566794 0.0887350237493206 0.09532811872297185 0.09126355838079259 0.09320131389276178 0.1605265023513009 0.1564146796795614 0.15535127726445636 0.15863600916889192 0.16147174894250538 0.16539452229600396 0.16832478672873785 0.1678285322683555 0.17080605903064963 0.18479570858047592 0.16799395042181628 0.16619798189852777 0.15863600916889192 0.08812061346503769 0.09688777559845925 0.17224756008223646 0.17496514403194932 0.09268142826759931 0.09183070633551528 0.16690691684193115 0.16636340005198857 0.16870288536521966 0.16884467235390033 0.19301935392395492 0.16825389323439752 0.17139683815015241 0.17205851076399556 0.16560720277902496 0.18181818181818182 0.19363376420823783 0.1989035139542028 0.19372828886735827 0.1609518633173429 0.1643074887161188 0.16610345723940734 0.19344471488999693 0.16539452229600396
0.16572535860292553 0.17042796039416783 0.1680175815865964 0.16865562303565942 0.16990807476900535 0.1678049011035754 0.0 0.16931729564950257 0.1644965380343597 0.16834841789351798 0.1656544651085852 0.16832478672873785 0.16355129144315522 0.1680412127513765 0.14830919015998298 0.1448117777725264 0.14492993359642697 0.14868728879646478 0.14821466550086254 0.1621097903915684 0.16286598766453197 0.10622208568660349 0.10574946239100125 0.1385022567762365 0.10194484486140322 0.09712408724626037 0.1457570243637309 0.16579625209726587 0.17111326417279107 0.16674149868847035 0.1709714771841104 0.16690691684193115 0.16648155587588911 0.1620625280620082 0.16104638797646337 0.166032563745067 0.1634803979488149 0.14894723160904602 0.1642602263865586 0.0920670179833164 0.024009263416593804 0.04827846964576884 0.13448495876361746 0.1459697048467519 0.15133397925183734 0.14856913297256422 0.1481674031713023 0.15034147033107262 0.16158990476640595 0.1467731644492757 0.16244062669848996
0.09272869059715953 0.09076730392041024 0.09199612448897607 0.09320131389276178 0.09483186426258951 0.09466644610912872 0.16931729564950257 0.0 0.09046009877826879 0.09369756835314412 0.09279958409149987 0.09339036321100266 0.09253964127891864 0.09296500224496065 0.16014840371481912 0.15806886121416924 0.15492591629841435 0.15943946877141574 0.16062102701042133 0.16638703121676868 0.16808847508093674 0.17019164874636672 0.17108963300801097 0.18489023323959639 0.16964813195642414 0.16974265661554458 0.1575489755890068 0.09294137108018054 0.09220880497199707 0.1712077888319115 0.17487061937282888 0.09154713235815394 0.08823876928893826 0.16685965451237092 0.16830115556395775 0.1687974100243401 0.16652881820544935 0.19311387858307535 0.1670250726658317 0.1721057730935558 0.1721057730935558 0.16773400760923507 0.18441760994399414 0.19457901079944231 0.19866720230640167 0.19490984710636386 0.16184984757898715 0.16274783184063144 0.1668123921828107 0.19490984710636386 0.16823026206961741
0.08828603161849848 0.08812061346503769 0.08982205732920576 0.08979842616442564 0.09076730392041024 0.09249237894935841 0.1644965380343597 0.09046009877826879 0.0 0.08788430181723657 0.0889240730675615 0.09201975565375617 0.08989295082354609 0.09315405156320156 0.15428787484935133 0.1506959378027743 0.15038873266063285 0.1526809556443037 0.15646194200912164 0.16307866814755298 0.1636458161022757 0.1654181534607841 0.1682066309048373 0.1835196256823499 0.16378760309095636 0.16284235649975187 0.154429661838032 0.08878228607888083 0.09239785429023796 0.16775763877401517 0.1705697473828485 0.0906964104260699 0.08743530968641444 0.16350402911359502 0.1613063307890446 0.16397665240919726 0.16359855377271545 0.19093981142330504 0.16423659522177847 0.1664342935463289 0.16709596616017203 0.16177895408464682 0.17988042630621262 0.19254673062835267 0.1959732495214689 0.1914124347189073 0.15282274263298437 0.15613110570220007 0.16496916132996195 0.1926412552874731 0.16241699553370986
0.09114540255689203 0.09201975565375617 0.09367393718836402 0.09487912659214973 0.09272869059715953 0.09450102795566794 0.16834841789351798 0.09369756835314412 0.08788430181723657 0.0 0.08771888366377578 0.09350851903490323 0.09114540255689203 0.09469007727390884 0.15785618073114824 0.15450055533237234 0.15367346456506842 0.15454781766193257 0.15880142732235272 0.16537089113122386 0.16494553016518185 0.16851383604697875 0.17087695252498997 0.18680435758678546 0.16787579459791574 0.16664697402934991 0.15596568754873927 0.09159439468771416 0.09374483068270435 0.16905735283692133 0.17319280667344095 0.09374483068270435 0.0920906491480965 0.16551267811990453 0.1643074887161188 0.16593803908594654 0.16593803908594654 0.19304298508873502 0.16520547297776308 0.1701443864168065 0.17156225630361321 0.16572535860292553 0.18429945412009358 0.19545336389630644 0.19996691636930786 0.194933478271144 0.15728903277642556 0.16144811777772528 0.16494553016518185 0.1951225275893849 0.16513457948342275
0.08906586005624217 0.09183070633551528 0.0906964104260699 0.08968027034052509 0.08866413025498027 0.0887350237493206 0.1656544651085852 0.09279958409149987 0.0889240730675615 0.08771888366377578 0.0 0.0916652881820545 0.08726989153295366 0.08868776141976038 0.15506770328709502 0.15303542311600538 0.15017605217761185 0.15237375050216226 0.1563910485147813 0.16390575891485692 0.16570172743814543 0.16558357161424486 0.16794668809225607 0.1837323061653709 0.1658435144268261 0.16513457948342275 0.15279911146820427 0.0893258028688234 0.09407566698962593 0.16825389323439752 0.1712077888319115 0.09024741829524777 0.08916038471536263 0.1622988397098093 0.16326771746579388 0.16508731715386252 0.16551267811990453 0.1915778528723681 0.1638348654205166 0.1689628281778009 0.16910461516648156 0.16340950445447455 0.18113287803955858 0.19167237753148852 0.19684760261833306 0.1908689179289647 0.15478412930973368 0.1558239005600586 0.16376397192617625 0.19101070491764538 0.16414207056265803
0.09395751116572536 0.0938393553418248 0.09393388000094524 0.0920670179833164 0.09407566698962593 0.09532811872297185 0.16832478672873785 0.09339036321100266 0.09201975565375617 0.09350851903490323 0.0916652881820545 0.0 0.09126355838079259 0.09461918377956849 0.1593449441122953 0.15674551598648298 0.15416971902545076 0.15655646666824208 0.16222794621546896 0.16667060519413002 0.16936455797906277 0.16891556584824066 0.17260202755393814 0.18862395727485406 0.17012075525202638 0.16950634496774347 0.15769076257768747 0.09180707517073516 0.0930595269040811 0.17106600184323084 0.1758631282935936 0.09031831178958812 0.09060188576694946 0.166245244228088 0.1674504336318737 0.16884467235390033 0.16945908263818324 0.1967058156296524 0.16768674527967484 0.17087695252498997 0.172153035423116 0.1660798260746272 0.18451213460311458 0.19628045466361038 0.20093579412529244 0.19665855330009216 0.15910863246449417 0.16170806059030648 0.1664342935463289 0.19486258477680365 0.16799395042181628
0.08975116383486542 0.09204338681853629 0.0924687477845783 0.09239785429023796 0.09161802585249428 0.09126355838079259 0.16355129144315522 0.09253964127891864 0.08989295082354609 0.09114540255689203 0.08726989153295366 0.09126355838079259 0.0 0.08757709667509511 0.15589479405439893 0.1530590542807855 0.15161755322919868 0.15343715291726728 0.15844695985065105 0.1628896188293121 0.16345676678403478 0.16513457948342275 0.1656544651085852 0.1827634284093863 0.16496916132996195 0.1631259304771132 0.15372072689462862 0.08920764704492284 0.09244511661979819 0.1678049011035754 0.17217666658789613 0.0908854597443108 0.08464683224236122 0.16511094831864262 0.16489826783562161 0.16591440792116643 0.16506368598908241 0.18956920386605855 0.16527636647210342 0.16771037644445494 0.16690691684193115 0.1622988397098093 0.17950232766973084 0.19164874636670842 0.1937991823616986 0.1904199257981426 0.154429661838032 0.1591558947940544 0.16307866814755298 0.1904199257981426 0.16378760309095636
0.09471370843868894 0.09327220738710211 0.0942174539783066 0.09584800434813431 0.09572984852423376 0.09320131389276178 0.1680412127513765 0.09296500224496065 0.09315405156320156 0.09469007727390884 0.08868776141976038 0.09461918377956849 0.08757709667509511 0.0 0.16123543729470424 0.15693456530472388 0.15686367181038352 0.1582106482028499 0.16298414348843254 0.168561098376539 0.16884467235390033 0.17061700971240873 0.17222392891745633 0.18914384290001654 0.16912824633126167 0.16709596616017203 0.15773802490724767 0.09100361556821136 0.09249237894935841 0.1727201833778387 0.17671385022567762 0.09178344400595505 0.08549755417444525 0.16974265661554458 0.1689628281778009 0.16728501547841293 0.1687974100243401 0.19457901079944231 0.17009712408724625 0.17092421485455017 0.17144410047971265 0.16532362880166362 0.1845593969326748 0.19552425739064677 0.19899803861332324 0.1959496183566888 0.1579743365550488 0.16402391473875746 0.16737954013753337 0.19457901079944231 0.16775763877401517
0.15665099132736252 0.15998298556135832 0.1597939362431174 0.1615190112720656 0.15842332868587092 0.1605265023513009 0.14830919015998298 0.16014840371481912 0.15428787484935133 0.15785618073114824 0.15506770328709502 0.1593449441122953 0.15589479405439893 0.16123543729470424 0.0 0.07273672519318478 0.08131483800836543 0.08908949122102229 0.07699033485360493 0.13739159203157122 0.14032185646430512 0.1461587541649928 0.1493253302455278 0.17541413616277146 0.1440083181700026 0.14604059834109223 0.07410733275043127 0.15653283550346198 0.16241699553370986 0.14476451544296617 0.1488999692794858 0.1593449441122953 0.1582106482028499 0.1402745941347449 0.13845499444667628 0.1416452016919914 0.14121984072594937 0.18515017605217762 0.1399201266630432 0.14769477987570007 0.15024694567195218 0.14511898291466788 0.17144410047971265 0.1859536356547014 0.19037266346858236 0.1898291466786398 0.07817189309261054 0.07774653212656851 0.13880946191837795 0.18505565139305716 0.13942387220266086
0.1558002693952785 0.15785618073114824 0.15908500129971406 0.15669825365692275 0.1556348512418177 0.1564146796795614 0.1448117777725264 0.15806886121416924 0.1506959378027743 0.15450055533237234 0.15303542311600538 0.15674551598648298 0.1530590542807855 0.15693456530472388 0.07273672519318478 0.0 0.08296901954297327 0.08842781860717915 0.07543067797811755 0.1363518207812463 0.13734432970201102 0.14233050547061465 0.14407921166434293 0.17437436491244654 0.14117257839638916 0.14391379351088215 0.07306756150010633 0.1517120778883191 0.15967578041921687 0.14292128459011744 0.14469362194862584 0.15811612354372948 0.15395703854242976 0.13776969066805303 0.13717891154855022 0.13914029822529952 0.13984923316870287 0.18245622326724484 0.13817142046931494 0.14466999078384574 0.1466077462958149 0.14152704586809084 0.17030980457026726 0.1851029137226174 0.18815133397925185 0.1868516199163457 0.07727390883096628 0.08138573150270577 0.13606824680388496 0.18548101235909917 0.13465037691707823
0.15199565186568045 0.15523312144055582 0.1558002693952785 0.1575726067537869 0.15509133445187515 0.15535127726445636 0.14492993359642697 0.15492591629841435 0.15038873266063285 0.15367346456506842 0.15017605217761185 0.15416971902545076 0.15161755322919868 0.15686367181038352 0.08131483800836543 0.08296901954297327 0.0 0.0851903490323038 0.0818347236335279 0.13481579507053904 0.13821868279887517 0.142826759930997 0.14471725311340597 0.1727438145426188 0.1432284897322589 0.1439846870052225 0.07795921260958953 0.1522555946782617 0.15795070539026868 0.14204693149325331 0.14703310726185695 0.1548313916392939 0.15298816078644517 0.13911666706051942 0.13602098447432473 0.13826594512843537 0.1394947656970012 0.18337783869366922 0.13871493725925751 0.14516624524422808 0.1461587541649928 0.14207056265803342 0.17108963300801097 0.18224354278422383 0.18855306378051373 0.18498475789871682 0.08036959141716095 0.08008601743979961 0.1367535505825082 0.18323605170498855 0.13698986223030934
0.1564146796795614 0.1603138218682799 0.15790344306070847 0.15773802490724767 0.15724177044686533 0.15863600916889192 0.14868728879646478 0.15943946877141574 0.1526809556443037 0.15454781766193257 0.15237375050216226 0.15655646666824208 0.15343715291726728 0.1582106482028499 0.08908949122102229 0.08842781860717915 0.0851903490323038 0.0 0.0920670179833164 0.14216508731715385 0.1426377106127561 0.14786019802916087 0.14941985490464826 0.17910059786846894 0.14566249970461043 0.14807287851218187 0.0859701774700475 0.1548313916392939 0.16104638797646337 0.14864002646690455 0.15282274263298437 0.1595812557600964 0.1559893187135194 0.1450008270907673 0.14114894723160903 0.1440083181700026 0.14381926885176172 0.18765507951886948 0.14233050547061465 0.15100314294491576 0.1515230285700782 0.14691495143795638 0.1768320060495782 0.18949831037171821 0.19287756693527425 0.18997093366732046 0.08545029184488503 0.09140534536947326 0.14140889004419027 0.18831675213271262 0.1416924640215516
0.1597703050783373 0.1629132499940922 0.16357492260793535 0.16378760309095636 0.16026655953871966 0.16147174894250538 0.14821466550086254 0.16062102701042133 0.15646194200912164 0.15880142732235272 0.1563910485147813 0.16222794621546896 0.15844695985065105 0.16298414348843254 0.07699033485360493 0.07543067797811755 0.0818347236335279 0.0920670179833164 0.0 0.14136162771463007 0.1432048585674788 0.14762388638135973 0.1483328213247631 0.17673748139045772 0.14646595930713424 0.14878181345558522 0.07859725405865255 0.15813975470850958 0.16591440792116643 0.14769477987570007 0.15272821797386393 0.16203889689722806 0.1587305338280124 0.14292128459011744 0.14152704586809084 0.1416452016919914 0.1445754661247253 0.18713519389370703 0.14299217808445777 0.15138124158139754 0.15076683129711463 0.1475293617222393 0.1747052012193681 0.18897842474655577 0.19457901079944231 0.19138880355412718 0.07949523832029681 0.08474135690148167 0.14216508731715385 0.18878937542831487 0.14155067703287094
0.16322045513623368 0.16551267811990453 0.16655244937022945 0.16709596616017203 0.16574898976770566 0.16539452229600396 0.1621097903915684 0.16638703121676868 0.16307866814755298 0.16537089113122386 0.16390575891485692 0.16667060519413002 0.1628896188293121 0.168561098376539 0.13739159203157122 0.1363518207812463 0.13481579507053904 0.14216508731715385 0.14136162771463007 0.0 0.06857764019188506 0.16142448661294515 0.16284235649975187 0.18576458633646054 0.1579979677198289 0.16343313561925468 0.13696623106552921 0.16281872533497177 0.1707351655363093 0.07202779024978141 0.0999361958550937 0.16685965451237092 0.16322045513623368 0.06692345865727722 0.06756150010634024 0.06853037786232484 0.0676796559302408 0.19635134815795072 0.06850674669754472 0.16338587328969445 0.16258241368717063 0.15939220644185553 0.18349599451756976 0.19677670912399273 0.20039227733534987 0.19880898929508237 0.1382895762932155 0.14211782498759365 0.06701798331639766 0.19531157690762577 0.06611999905475341
0.16501642365952218 0.16986081243944515 0.16778126993879527 0.16648155587588911 0.16787579459791574 0.16832478672873785 0.16286598766453197 0.16808847508093674 0.1636458161022757 0.16494553016518185 0.16570172743814543 0.16936455797906277 0.16345676678403478 0.16884467235390033 0.14032185646430512 0.13734432970201102 0.13821868279887517 0.1426377106127561 0.1432048585674788 0.06857764019188506 0.0 0.16180258524942695 0.1609518633173429 0.1845357657678947 0.15870690266323226 0.1640475459035376 0.13899851123661885 0.1640475459035376 0.17130231349103198 0.07070444502209514 0.10121227875321974 0.1696008696268639 0.16572535860292553 0.06838859087364416 0.06954651794786965 0.07179147860198029 0.06843585320320439 0.19498074060070422 0.06737245078809935 0.16281872533497177 0.163291348630574 0.15839969752109082 0.18340146985844932 0.19687123378311316 0.20114847460831345 0.19975423588628682 0.13932934754354043 0.14159793936243117 0.0674906066119999 0.19748564406739608 0.06583642507739207
0.1670250726658317 0.17045159155894793 0.16950634496774347 0.16981355010988491 0.1670014415010516 0.1678285322683555 0.10622208568660349 0.17019164874636672 0.1654181534607841 0.16851383604697875 0.16558357161424486 0.16891556584824066 0.16513457948342275 0.17061700971240873 0.1461587541649928 0.14233050547061465 0.142826759930997 0.14786019802916087 0.14762388638135973 0.16142448661294515 0.16180258524942695 0.0 0.10241746815700546 0.1425904482831959 0.09790391568400407 0.10508778977715812 0.14209419382281352 0.1658671455916062 0.17165678096273365 0.16775763877401517 0.17156225630361321 0.16716685965451236 0.16735590897275326 0.16062102701042133 0.16215705272112863 0.1644492757047995 0.16246425786327007 0.1515230285700782 0.16234610203936953 0.10442611716331499 0.10537136375451946 0.10766358673819032 0.1402745941347449 0.1512867169222771 0.15632015502044097 0.15568211357137793 0.14568613086939056 0.1511212987688163 0.1620861592267883 0.15312994777512584 0.16109365030602357
0.16924640215516223 0.17205851076399556 0.1725311340595978 0.17160951863317342 0.16993170593378548 0.17080605903064963 0.10574946239100125 0.17108963300801097 0.1682066309048373 0.17087695252498997 0.16794668809225607 0.17260202755393814 0.1656544651085852 0.17222392891745633 0.1493253302455278 0.14407921166434293 0.14471725311340597 0.14941985490464826 0.1483328213247631 0.16284235649975187 0.1609518633173429 0.10241746815700546 0.0 0.14358295720396058 0.0965805704563178 0.10343360824255028 0.14497719592598718 0.16766311411489473 0.1745397830659073 0.16662334286456978 0.1705697473828485 0.16981355010988491 0.16811210624571685 0.16236973320414963 0.1613063307890446 0.16402391473875746 0.16322045513623368 0.15525675260533592 0.16352766027837512 0.10239383699222535 0.10522957676583879 0.10430796133941442 0.14051090578254602 0.15251553749084293 0.15787981189592834 0.15568211357137793 0.14946711723420847 0.1524919063260628 0.16199163456766785 0.1562492615261006 0.16265330718151097
0.1849374955691566 0.18661530826854456 0.1853392253704185 0.18763144835408938 0.18656804593898432 0.18479570858047592 0.1385022567762365 0.18489023323959639 0.1835196256823499 0.18680435758678546 0.1837323061653709 0.18862395727485406 0.1827634284093863 0.18914384290001654 0.17541413616277146 0.17437436491244654 0.1727438145426188 0.17910059786846894 0.17673748139045772 0.18576458633646054 0.1845357657678947 0.1425904482831959 0.14358295720396058 0.0 0.14044001228820568 0.14114894723160903 0.17380721695772386 0.18420492946097314 0.19070349977550394 0.19252309946357257 0.19349197721955716 0.18536285653519863 0.18517380721695773 0.18505565139305716 0.1871115627289269 0.19006545832644092 0.18784412883711038 0.11281518066025474 0.18692251341068603 0.13869130609447738 0.14294491575489757 0.1347921639057589 0.11125552378476736 0.11347685327409789 0.11652527353073233 0.11442209986530236 0.1770210553678191 0.17848618758418602 0.18680435758678546 0.11262613134201385 0.18699340690502636
0.16591440792116643 0.16976628778032468 0.17085332136020984 0.16983718127466502 0.1685847295413191 0.16799395042181628 0.10194484486140322 0.16964813195642414 0.16378760309095636 0.16787579459791574 0.1658435144268261 0.17012075525202638 0.16496916132996195 0.16912824633126167 0.1440083181700026 0.14117257839638916 0.1432284897322589 0.14566249970461043 0.14646595930713424 0.1579979677198289 0.15870690266323226 0.09790391568400407 0.0965805704563178 0.14044001228820568 0.0 0.09840017014438641 0.1424486612945152 0.1662688753928681 0.1707351655363093 0.1640948082330978 0.1678049011035754 0.1668123921828107 0.16690691684193115 0.15870690266323226 0.15858874683933172 0.1611645438003639 0.16187347874376729 0.15192475837134012 0.15868327149845216 0.10062149963371694 0.10194484486140322 0.10040881915069594 0.13509936904790038 0.1504596261549732 0.15294089845688494 0.15320084126946618 0.14547345038636955 0.14925443675118746 0.1595576245953163 0.15235011933738213 0.1575726067537869
0.16733227780797316 0.16787579459791574 0.16872651652999976 0.16870288536521966 0.16749769596143393 0.16619798189852777 0.09712408724626037 0.16974265661554458 0.16284235649975187 0.16664697402934991 0.16513457948342275 0.16950634496774347 0.1631259304771132 0.16709596616017203 0.14604059834109223 0.14391379351088215 0.1439846870052225 0.14807287851218187 0.14878181345558522 0.16343313561925468 0.1640475459035376 0.10508778977715812 0.10343360824255028 0.14114894723160903 0.09840017014438641 0.0 0.14452820379516507 0.16452016919913984 0.16789942576269584 0.16711959732495216 0.1711605265023513 0.1644492757047995 0.16482737434128128 0.16333861096013422 0.16218068388590873 0.16655244937022945 0.16418933289221826 0.151688446723539 0.16463832502304038 0.09528085639341163 0.09641515230285701 0.09587163551291443 0.13604461563910486 0.15041236382541295 0.15478412930973368 0.15362620223550819 0.14745846822789896 0.151475766240518 0.16196800340288772 0.15060141314365386 0.16253515135761043
0.15480776047451378 0.15884868965191296 0.1581870170380698 0.1587305338280124 0.15554032658269726 0.15863600916889192 0.1457570243637309 0.1575489755890068 0.154429661838032 0.15596568754873927 0.15279911146820427 0.15769076257768747 0.15372072689462862 0.15773802490724767 0.07410733275043127 0.07306756150010633 0.07795921260958953 0.0859701774700475 0.07859725405865255 0.13696623106552921 0.13899851123661885 0.14209419382281352 0.14497719592598718 0.17380721695772386 0.1424486612945152 0.14452820379516507 0.0 0.15520949027577569 0.16142448661294515 0.14415010515868326 0.146206016494553 0.15688730297516365 0.1562256303613205 0.13786421532717347 0.13821868279887517 0.13880946191837795 0.1410307914077085 0.1841576671314129 0.13902214240139896 0.14698584493229672 0.14788382919394097 0.14393742467566226 0.17182219911619442 0.18429945412009358 0.18933289221825744 0.1870879315641468 0.07401280809131082 0.07694307252404471 0.13743885436113146 0.183968617813172 0.1381005269749746
0.09341399437578278 0.09258690360847886 0.0930595269040811 0.09095635323865113 0.09230332963111752 0.08812061346503769 0.16579625209726587 0.09294137108018054 0.08878228607888083 0.09159439468771416 0.0893258028688234 0.09180707517073516 0.08920764704492284 0.09100361556821136 0.15653283550346198 0.1517120778883191 0.1522555946782617 0.1548313916392939 0.15813975470850958 0.16281872533497177 0.1640475459035376 0.1658671455916062 0.16766311411489473 0.18420492946097314 0.1662688753928681 0.16452016919913984 0.15520949027577569 0.0 0.08916038471536263 0.1674504336318737 0.1707351655363093 0.09015289363612733 0.08996384431788643 0.16381123425573646 0.16317319280667344 0.16560720277902496 0.16513457948342275 0.1916251152019283 0.16411843939787793 0.1676394829501146 0.16934092681428267 0.16279509417019164 0.1821726492898835 0.19346834605477703 0.1980764231868989 0.19323203440697592 0.15535127726445636 0.15960488692487654 0.16574898976770566 0.19446085497554175 0.1644729068695796
0.09613157832549567 0.09232696079589763 0.09629699647895645 0.09339036321100266 0.09473733960346906 0.09688777559845925 0.17111326417279107 0.09220880497199707 0.09239785429023796 0.09374483068270435 0.09407566698962593 0.0930595269040811 0.09244511661979819 0.09249237894935841 0.16241699553370986 0.15967578041921687 0.15795070539026868 0.16104638797646337 0.16591440792116643 0.1707351655363093 0.17130231349103198 0.17165678096273365 0.1745397830659073 0.19070349977550394 0.1707351655363093 0.16789942576269584 0.16142448661294515 0.08916038471536263 0.0 0.17456341423068744 0.17756457215776167 0.09083819741475058 0.09201975565375617 0.16983718127466502 0.17108963300801097 0.1707824278658695 0.1701680175815866 0.19698938960701373 0.17146773164449275 0.17305101968476025 0.17498877519672945 0.16849020488219865 0.1857409551716804 0.1973674882434955 0.20079400713661177 0.19779284920953755 0.1623224708745894 0.16482737434128128 0.16955360729730368 0.1971311765956944 0.1699789682633457
0.16903372167214123 0.17184583028097455 0.17354727414514262 0.17149136280927288 0.17241297823569723 0.17224756008223646 0.16674149868847035 0.1712077888319115 0.16775763877401517 0.16905735283692133 0.16825389323439752 0.17106600184323084 0.1678049011035754 0.1727201833778387 0.14476451544296617 0.14292128459011744 0.14204693149325331 0.14864002646690455 0.14769477987570007 0.07202779024978141 0.07070444502209514 0.16775763877401517 0.16662334286456978 0.19252309946357257 0.1640948082330978 0.16711959732495216 0.14415010515868326 0.1674504336318737 0.17456341423068744 0.0 0.10366991989035139 0.17220029775267623 0.16832478672873785 0.0737764964435097 0.07432001323345228 0.07580877661459934 0.0725949382045041 0.2020228277051776 0.07181510976676041 0.16622161306330788 0.16674149868847035 0.16350402911359502 0.19058534395160337 0.20396058321714677 0.2057801829052154 0.20533119077439327 0.14358295720396058 0.1471276319209774 0.07188600326110074 0.20296807429638206 0.0714133799654985
0.1725547652243779 0.17555592315145213 0.1756977101401328 0.1750596686910698 0.17498877519672945 0.17496514403194932 0.1709714771841104 0.17487061937282888 0.1705697473828485 0.17319280667344095 0.1712077888319115 0.1758631282935936 0.17217666658789613 0.17671385022567762 0.1488999692794858 0.14469362194862584 0.14703310726185695 0.15282274263298437 0.15272821797386393 0.0999361958550937 0.10121227875321974 0.17156225630361321 0.1705697473828485 0.19349197721955716 0.1678049011035754 0.1711605265023513 0.146206016494553 0.1707351655363093 0.17756457215776167 0.10366991989035139 0.0 0.17520145567975046 0.17562681664579247 0.09941631022993123 0.10147222156580098 0.10140132807146064 0.10040881915069594 0.20157383557435546 0.09754944821230238 0.17026254224070705 0.17177493678663422 0.1652291041425432 0.19249946829879244 0.2054020842687336 0.20759978259328402 0.20511851029137226 0.14856913297256422 0.15003426518893118 0.09866011295696765 0.20237729517687927 0.09672235744499846
0.09027104946002788 0.09242148545501808 0.09360304369402368 0.09112177139211192 0.09251601011413853 0.09268142826759931 0.16690691684193115 0.09154713235815394 0.0906964104260699 0.09374483068270435 0.09024741829524777 0.09031831178958812 0.0908854597443108 0.09178344400595505 0.1593449441122953 0.15811612354372948 0.1548313916392939 0.1595812557600964 0.16203889689722806 0.16685965451237092 0.1696008696268639 0.16716685965451236 0.16981355010988491 0.18536285653519863 0.1668123921828107 0.1644492757047995 0.15688730297516365 0.09015289363612733 0.09083819741475058 0.17220029775267623 0.17520145567975046 0.0 0.09168891934683461 0.16870288536521966 0.16806484391615661 0.17130231349103198 0.16884467235390033 0.19226315665099133 0.16934092681428267 0.17163314979795355 0.17012075525202638 0.16532362880166362 0.18092019755653757 0.19268851761703334 0.19885625162464257 0.19216863199187087 0.15991209206701798 0.16345676678403478 0.1676158517853345 0.19079802443462437 0.1692227709903821
0.0908854597443108 0.09123992721601248 0.08968027034052509 0.09046009877826879 0.09123992721601248 0.09183070633551528 0.16648155587588911 0.08823876928893826 0.08743530968641444 0.0920906491480965 0.08916038471536263 0.09060188576694946 0.08464683224236122 0.08549755417444525 0.1582106482028499 0.15395703854242976 0.15298816078644517 0.1559893187135194 0.1587305338280124 0.16322045513623368 0.16572535860292553 0.16735590897275326 0.16811210624571685 0.18517380721695773 0.16690691684193115 0.16482737434128128 0.1562256303613205 0.08996384431788643 0.09201975565375617 0.16832478672873785 0.17562681664579247 0.09168891934683461 0.0 0.16596167025072667 0.1640948082330978 0.16567809627336533 0.16496916132996195 0.19093981142330504 0.16475648084694094 0.1687501476947799 0.1691755086608219 0.16381123425573646 0.18153460784082048 0.19344471488999693 0.1964931351466314 0.1942009121629605 0.157170876952525 0.16175532291986672 0.16355129144315522 0.19453174846988208 0.16435475104567904
0.16515821064820285 0.1682066309048373 0.16811210624571685 0.16756858945577427 0.166457924711109 0.16690691684193115 0.1620625280620082 0.16685965451237092 0.16350402911359502 0.16551267811990453 0.1622988397098093 0.166245244228088 0.16511094831864262 0.16974265661554458 0.1402745941347449 0.13776969066805303 0.13911666706051942 0.1450008270907673 0.14292128459011744 0.06692345865727722 0.06838859087364416 0.16062102701042133 0.16236973320414963 0.18505565139305716 0.15870690266323226 0.16333861096013422 0.13786421532717347 0.16381123425573646 0.16983718127466502 0.0737764964435097 0.09941631022993123 0.16870288536521966 0.16596167025072667 0.0 0.07039723987995368 0.06796322990760215 0.06876668951012595 0.19545336389630644 0.06680530283337666 0.16196800340288772 0.1627242006758513 0.15882505848713283 0.1851029137226174 0.1975329063969563 0.2018101472221566 0.2000850721932084 0.14018006947562445 0.14188151333979251 0.06782144291892148 0.19630408582839048 0.06725429496419878
0.1644729068695796 0.16733227780797316 0.16789942576269584 0.16735590897275326 0.16690691684193115 0.16636340005198857 0.16104638797646337 0.16830115556395775 0.1613063307890446 0.1643074887161188 0.16326771746579388 0.1674504336318737 0.16489826783562161 0.1689628281778009 0.13845499444667628 0.13717891154855022 0.13602098447432473 0.14114894723160903 0.14152704586809084 0.06756150010634024 0.06954651794786965 0.16215705272112863 0.1613063307890446 0.1871115627289269 0.15858874683933172 0.16218068388590873 0.13821868279887517 0.16317319280667344 0.17108963300801097 0.07432001323345228 0.10147222156580098 0.16806484391615661 0.1640948082330978 0.07039723987995368 0.0 0.0708226008459957 0.06756150010634024 0.1949571094359241 0.06881395183968618 0.16170806059030648 0.16260604485195077 0.1585651156745516 0.18489023323959639 0.1969421272774535 0.20159746673913556 0.19939976841458515 0.1385022567762365 0.1408181109246875 0.06940473095918898 0.19708391426613417 0.0682704350497436
0.1656308339438051 0.16934092681428267 0.1707587967010894 0.16818299974005718 0.16735590897275326 0.16870288536521966 0.166032563745067 0.1687974100243401 0.16397665240919726 0.16593803908594654 0.16508731715386252 0.16884467235390033 0.16591440792116643 0.16728501547841293 0.1416452016919914 0.13914029822529952 0.13826594512843537 0.1440083181700026 0.1416452016919914 0.06853037786232484 0.07179147860198029 0.1644492757047995 0.16402391473875746 0.19006545832644092 0.1611645438003639 0.16655244937022945 0.13880946191837795 0.16560720277902496 0.1707824278658695 0.07580877661459934 0.10140132807146064 0.17130231349103198 0.16567809627336533 0.06796322990760215 0.0708226008459957 0.0 0.06928657513528842 0.19833636599948012 0.06850674669754472 0.16527636647210342 0.16579625209726587 0.16194437223810762 0.18756055485974904 0.19961244889760615 0.20535482193917337 0.20277902497814118 0.1385258879410166 0.1416452016919914 0.07216957723846208 0.19999054753408796 0.06777418058936124
0.16577262093248576 0.16815936857527708 0.16844294255263842 0.16808847508093674 0.16825389323439752 0.16884467235390033 0.1634803979488149 0.16652881820544935 0.16359855377271545 0.16593803908594654 0.16551267811990453 0.16945908263818324 0.16506368598908241 0.1687974100243401 0.14121984072594937 0.13984923316870287 0.1394947656970012 0.14381926885176172 0.1445754661247253 0.0676796559302408 0.06843585320320439 0.16246425786327007 0.16322045513623368 0.18784412883711038 0.16187347874376729 0.16418933289221826 0.1410307914077085 0.16513457948342275 0.1701680175815866 0.0725949382045041 0.10040881915069594 0.16884467235390033 0.16496916132996195 0.06876668951012595 0.06756150010634024 0.06928657513528842 0.0 0.19843089065860056 0.06600184323085286 0.1646619561878205 0.16433111988089893 0.16081007632866223 0.18836401446227286 0.1998487605454073 0.20488219864357113 0.20192830304605713 0.14178698868067208 0.14235413663539476 0.0688612141692464 0.2004631708296902 0.06739608195287945
0.1920268450031902 0.19431906798686108 0.19464990429378265 0.19212136966231066 0.19365739537301793 0.19301935392395492 0.14894723160904602 0.19311387858307535 0.19093981142330504 0.19304298508873502 0.1915778528723681 0.1967058156296524 0.18956920386605855 0.19457901079944231 0.18515017605217762 0.18245622326724484 0.18337783869366922 0.18765507951886948 0.18713519389370703 0.19635134815795072 0.19498074060070422 0.1515230285700782 0.15525675260533592 0.11281518066025474 0.15192475837134012 0.151688446723539 0.1841576671314129 0.1916251152019283 0.19698938960701373 0.2020228277051776 0.20157383557435546 0.19226315665099133 0.19093981142330504 0.19545336389630644 0.1949571094359241 0.19833636599948012 0.19843089065860056 0.0 0.19609140534536948 0.15211380768958102 0.15353167757638775 0.14490630243164684 0.12222038424273933 0.09745492355318193 0.09478460193302927 0.09485549542736961 0.18628447196162298 0.1886948507691944 0.19620956116927005 0.095989791336815 0.19488621594158376
0.16574898976770566 0.16969539428598435 0.16771037644445494 0.1678285322683555 0.1671904908192925 0.16825389323439752 0.1642602263865586 0.1670250726658317 0.16423659522177847 0.16520547297776308 0.1638348654205166 0.16768674527967484 0.16527636647210342 0.17009712408724625 0.1399201266630432 0.13817142046931494 0.13871493725925751 0.14233050547061465 0.14299217808445777 0.06850674669754472 0.06737245078809935 0.16234610203936953 0.16352766027837512 0.18692251341068603 0.15868327149845216 0.16463832502304038 0.13902214240139896 0.16411843939787793 0.17146773164449275 0.07181510976676041 0.09754944821230238 0.16934092681428267 0.16475648084694094 0.06680530283337666 0.06881395183968618 0.06850674669754472 0.06600184323085286 0.19609140534536948 0.0 0.16284235649975187 0.16463832502304038 0.16003024789091855 0.18602452914904175 0.19878535813030224 0.20235366401209914 0.20001417869886806 0.13973107734480233 0.14209419382281352 0.06836495970886405 0.19646950398185126 0.067088876810738
0.17106600184323084 0.17298012619041991 0.17401989744074486 0.16969539428598435 0.17108963300801097 0.17139683815015241 0.0920670179833164 0.1721057730935558 0.1664342935463289 0.1701443864168065 0.1689628281778009 0.17087695252498997 0.16771037644445494 0.17092421485455017 0.14769477987570007 0.14466999078384574 0.14516624524422808 0.15100314294491576 0.15138124158139754 0.16338587328969445 0.16281872533497177 0.10442611716331499 0.10239383699222535 0.13869130609447738 0.10062149963371694 0.09528085639341163 0.14698584493229672 0.1676394829501146 0.17305101968476025 0.16622161306330788 0.17026254224070705 0.17163314979795355 0.1687501476947799 0.16196800340288772 0.16170806059030648 0.16527636647210342 0.1646619561878205 0.15211380768958102 0.16284235649975187 0.0 0.0906964104260699 0.061370134933950896 0.13637545194602643 0.14786019802916087 0.1526573244795236 0.15135761041661744 0.148734551126025 0.1522319635134816 0.16296051232365244 0.15022331450717205 0.16296051232365244
