0.0 0.05111495774361063 0.1642144384482232 0.1910447001323694 0.15973424294878322 0.1546176560431728 0.15087567457489054 0.16653090316668365 0.15601771713674778 0.16314530088585683 0.16345076876081865 0.16304347826086957 0.16327257916709093 0.16103248141737095 0.16726911719784135 0.16161796151104776 0.16227980857346502 0.16362895835454638 0.15996334385500457 0.15889420629263823 0.15494857957438143 0.1602433560737196 0.15387944201201506 0.15853782710518277 0.1580287139802464 0.15286121576214234 0.15512676916810916 0.15650137460543734 0.16599633438550046 0.1582832705427146 0.1660472456979941 0.16373078097953364 0.16449445066693819 0.1577487017615314 0.15466856735566642 0.15403217594949598 0.16686182669789226 0.15161388860604827 0.15240301394969963 0.1571886773241014 0.15645046329294368 0.15303940535587007 0.15726504429284188 0.15642500763669687 0.15247938091844007 0.152352102637206 0.15930149679258732 0.1534976071683128 0.15741777823032277 0.15525404744934324 0.15268302616841462 0.16029426738621322 0.15303940535587007 0.1546176560431728 0.15331941757458506 0.1560431727929946 0.17533856022808267 0.16487628551064046 0.15255574788718054 0.15273393748090824
0.05111495774361063 0.0 0.16401079319824866 0.18956827207005397 0.16009062213623867 0.15471947866816008 0.149551980450056 0.1667345484166582 0.15571224926178598 0.1643671723857041 0.16345076876081865 0.16329803482333774 0.1632216678545973 0.16194888504225638 0.16655635882293046 0.1611088483861114 0.16248345382343957 0.16423989410447 0.1592505854800937 0.15807962529274006 0.15357397413705326 0.15907239588636596 0.15428673251196415 0.15823235923022094 0.15746868954281643 0.15143569901232054 0.15471947866816008 0.15466856735566642 0.164519906323185 0.15853782710518277 0.16401079319824866 0.16174523979228184 0.16388351491701456 0.15637409632420324 0.1534976071683128 0.15499949088687506 0.1649271968231341 0.1501374605437328 0.15240301394969963 0.1566286528866714 0.15594135016800734 0.1525302922309337 0.1566031972304246 0.15723958863659504 0.152632114855921 0.1522502800122187 0.15869056104266369 0.15370125241828733 0.15711231035536097 0.15494857957438143 0.15227573566846553 0.15932695244883413 0.15217391304347827 0.15502494654312188 0.1513847876998269 0.1567559311679055 0.1738112208532736 0.1636544140107932 0.15158843294980145 0.15359942979330007
0.1642144384482232 0.16401079319824866 0.0 0.19096833316362896 0.13038387129620202 0.1333112717645861 0.13180938804602382 0.05551878627431015 0.13522044598309743 0.053762345993279705 0.05905712249261786 0.0561551776804806 0.05842073108644741 0.05867528764891559 0.05462783830567152 0.06129722024233785 0.0567152021179106 0.05373689033703289 0.05877711027390286 0.13239486813970064 0.13420221973322471 0.13074025048365748 0.13415130842073109 0.13422767538947153 0.13539863557682516 0.1322166785459729 0.13351491701456064 0.1341767640769779 0.12717645860910295 0.13280215863964973 0.1257000305467875 0.1293401893900825 0.1364168618266979 0.12941655635882293 0.13402403013949699 0.13634049485795743 0.13399857448325017 0.13519499032685062 0.13415130842073109 0.12809286223398839 0.13743508807657062 0.13636595051420425 0.1333112717645861 0.1351695346706038 0.13030750432746155 0.12916199979635476 0.13463496588942062 0.13336218307707973 0.12990021382751246 0.13532226860808472 0.13453314326443336 0.1319112106710111 0.13285306995214335 0.1263873332654516 0.13598411567050198 0.13478769982690153 0.13555136951430607 0.1327767029834029 0.13608593829548926 0.13595866001425516
0.1910447001323694 0.18956827207005397 0.19096833316362896 0.0 0.17956419916505448 0.17587312900926586 0.17228388147846452 0.19292841869463395 0.17600040729049996 0.19076468791365442 0.19010284085123713 0.18811729966398533 0.18926280419509214 0.18890642500763669 0.19422665716322166 0.18526626616434172 0.18954281641380716 0.1912992566948376 0.1870736177578658 0.17867325119641583 0.17518582629060178 0.17951328785256085 0.17559311679055087 0.17780775888402403 0.17933509825883312 0.1739639547907545 0.17734955707158132 0.17490581407188677 0.18648813766418898 0.17969147744628858 0.18557173403930352 0.183968027695754 0.18427349557071582 0.17900417472762448 0.1737857651970268 0.17666225435291721 0.18867732410141533 0.1736839425720395 0.17788412585276447 0.18195703085225537 0.1812697281335913 0.17923327563384583 0.17943692088382038 0.17656043172792996 0.1740912330719886 0.17304755116586906 0.17724773444659403 0.17612768557173403 0.18020059057122492 0.17834232766520722 0.17612768557173403 0.18333163628958354 0.17689135525913857 0.17709500050911312 0.17284390591589452 0.1780623154464922 0.19532125038183484 0.18628449241421444 0.17472762447815904 0.17617859688422768
0.15973424294878322 0.16009062213623867 0.13038387129620202 0.17956419916505448 0.0 0.09248039914468995 0.08889115161388861 0.1326494247021688 0.0931167905508604 0.12941655635882293 0.13751145504531107 0.13608593829548926 0.13504225638936973 0.1338712962020161 0.13410039710823746 0.13415130842073109 0.13466042154566746 0.13152937582730884 0.13438040932695244 0.09090214845738723 0.09220038692597494 0.09235312086345586 0.0943895733632013 0.08779655839527543 0.09604419101924448 0.09052031361368496 0.09171672945728541 0.0963496588942063 0.12651461154668567 0.09787699826901537 0.1262600549842175 0.12959474595255066 0.09624783626921903 0.08772019142653498 0.09039303533245087 0.09856430098767946 0.13242032379594745 0.09568781183178902 0.09688422767538947 0.09433866205070766 0.0988952245188881 0.09548416658181448 0.09965889420629263 0.09454230730068221 0.09181855208227269 0.09194583036350677 0.08906934120761634 0.09614601364423175 0.09293860095713267 0.09866612361266673 0.09660421545667447 0.09444048467569494 0.09843702270644537 0.09171672945728541 0.0943895733632013 0.09731697383158538 0.1337694735770288 0.1269728133591284 0.09683331636289584 0.09640057020669993
0.1546176560431728 0.15471947866816008 0.1333112717645861 0.17587312900926586 0.09248039914468995 0.0 0.08713471133285816 0.13649322879543835 0.08840749414519906 0.13193666632725792 0.13351491701456064 0.13229304551471338 0.1323185011709602 0.13303125954587108 0.13799511251400062 0.13168210976478972 0.12959474595255066 0.13328581610833928 0.12972202423378476 0.09652784848793401 0.0888656959576418 0.09787699826901537 0.08876387333265452 0.09484777517564402 0.09021484573872314 0.08657468689542816 0.08660014255167499 0.09230220955096223 0.12939110070257612 0.09830974442521129 0.1292383667650952 0.12524182873434478 0.10029528561246309 0.09202219733224723 0.08685469911414316 0.09197128601975359 0.13025659301496792 0.0911312493636086 0.09365135933204358 0.0983352000814581 0.09530597698808675 0.0949495978006313 0.09576417880052948 0.08871296202016088 0.08756745748905406 0.0880511149577436 0.09265858873841767 0.09433866205070766 0.0980551878627431 0.0952296100193463 0.09214947561348132 0.09823337745647083 0.09388046023826495 0.09347316973831585 0.09232766520720904 0.09291314530088586 0.1375623663578047 0.1248599938906425 0.09186946339476632 0.0912839833010895
0.15087567457489054 0.149551980450056 0.13180938804602382 0.17228388147846452 0.08889115161388861 0.08713471133285816 0.0 0.13366765095204156 0.08716016698910498 0.1302311373587211 0.13124936360859382 0.12956929029630385 0.1296456572650443 0.12893289889013337 0.133183993483352 0.12778739435902658 0.12799103960900113 0.13183484370227064 0.12827105182771611 0.09242948783219632 0.08665105386416862 0.09413501680073312 0.08670196517666226 0.09405864983199266 0.08738926789532635 0.08772019142653498 0.0867783321454027 0.09268404439466449 0.12651461154668567 0.09802973220649629 0.12692190204663475 0.12353629976580796 0.09955707158130536 0.09021484573872314 0.08392729864575908 0.08955299867630588 0.12885653192139293 0.09080032583239996 0.09270950005091132 0.0967824050504022 0.09441502901944812 0.09451685164443539 0.09482231951939721 0.08675287648915589 0.08520008145809999 0.08466551267691681 0.09141126158232359 0.09304042358211995 0.09670603808166174 0.0936768149882904 0.09293860095713267 0.09785154261276856 0.09222584258222177 0.09151308420731087 0.08970573261378678 0.09273495570715813 0.13407494145199064 0.1240199572344975 0.08960390998879951 0.08891660727013542
0.16653090316668365 0.1667345484166582 0.05551878627431015 0.19292841869463395 0.1326494247021688 0.13649322879543835 0.13366765095204156 0.0 0.13707870888911516 0.0538896242745138 0.05831890846146014 0.05730068221158741 0.058497098055187866 0.05895529986763059 0.05450056002443743 0.06076265146115467 0.06274819264840648 0.05467874961816516 0.06267182567966602 0.13404948579574383 0.13524590163934427 0.13371856226453518 0.13606048263924245 0.13466042154566746 0.13634049485795743 0.13443132063944607 0.13532226860808472 0.13791874554526015 0.12832196314020974 0.13394766317075654 0.12521637307809796 0.13012931473373385 0.13852968129518378 0.13152937582730884 0.13735872110783015 0.13779146726402608 0.13468587720191427 0.13593320435800835 0.1348386111393952 0.1307657061399043 0.1401079319824865 0.13791874554526015 0.1365950514204256 0.13835149170145605 0.13420221973322471 0.130663883514917 0.1352713572955911 0.13354037267080746 0.13160574279604928 0.13667141838916608 0.13639140617045106 0.13443132063944607 0.13593320435800835 0.12982384685877202 0.13687506363914062 0.13598411567050198 0.13649322879543835 0.1336167396395479 0.1387078708889115 0.13664596273291926
0.15601771713674778 0.15571224926178598 0.13522044598309743 0.17600040729049996 0.0931167905508604 0.08840749414519906 0.08716016698910498 0.13707870888911516 0.0 0.13410039710823746 0.13450768760818654 0.1338967518582629 0.1333112717645861 0.13366765095204156 0.13944608492006924 0.13155483148355565 0.1317584767335302 0.13432949801445881 0.13127481926484064 0.09558598920680175 0.0892984421138377 0.09724060686284493 0.09194583036350677 0.09543325526932084 0.09146217289481723 0.08894206292638224 0.09003665614499541 0.09080032583239996 0.1311984522961002 0.09935342633133082 0.13084207310864474 0.1261327767029834 0.09925160370634355 0.09433866205070766 0.08759291314530089 0.09164036248854496 0.1333367274208329 0.09202219733224723 0.09454230730068221 0.10131351186233581 0.09843702270644537 0.09594236839425721 0.0963496588942063 0.08919661948885042 0.08693106608288362 0.0900112004887486 0.09548416658181448 0.09685877201914266 0.10026982995621628 0.09581509011302311 0.09421138376947358 0.09917523673760309 0.09772426433153447 0.09517869870685267 0.09148762855106404 0.09293860095713267 0.13931880663883514 0.12620914367172387 0.09164036248854496 0.09278586701965176
0.16314530088585683 0.1643671723857041 0.053762345993279705 0.19076468791365442 0.12941655635882293 0.13193666632725792 0.1302311373587211 0.0538896242745138 0.13410039710823746 0.0 0.05696975868037878 0.057427960492821506 0.05755523877405559 0.05592607677425924 0.0548823948681397 0.06027899399246513 0.058293452805213315 0.05531514102433561 0.059998981773750126 0.13127481926484064 0.13354037267080746 0.12931473373383565 0.132623969045922 0.13158028713980247 0.13443132063944607 0.1317584767335302 0.13086752876489155 0.13382038488952244 0.1258527644842684 0.131783932389777 0.12305264229711842 0.12816922920272886 0.1348386111393952 0.12900926585887385 0.1332094491395988 0.13420221973322471 0.13298034823337745 0.13392220751450973 0.13272579167090928 0.1288056206088993 0.13667141838916608 0.13366765095204156 0.13341309438957336 0.13435495367070563 0.12944201201506975 0.12819468485897567 0.13224213420221972 0.131783932389777 0.12832196314020974 0.13257305773342837 0.13280215863964973 0.13130027492108748 0.1327512473271561 0.1258273088280216 0.13343855004582017 0.13336218307707973 0.1330567152021179 0.1299256694837593 0.13603502698299563 0.13407494145199064
0.16345076876081865 0.16345076876081865 0.05905712249261786 0.19010284085123713 0.13751145504531107 0.13351491701456064 0.13124936360859382 0.05831890846146014 0.13450768760818654 0.05696975868037878 0.0 0.05238774055595153 0.05414418083698198 0.05083494552489563 0.05554424193055697 0.05595153243050606 0.056358822930455146 0.05730068221158741 0.05730068221158741 0.13707870888911516 0.13415130842073109 0.13761327767029835 0.13242032379594745 0.13835149170145605 0.1333112717645861 0.13130027492108748 0.13203848895224518 0.13499134507687607 0.13343855004582017 0.13743508807657062 0.13089298442113836 0.12745647082781794 0.1431880663883515 0.1357295591080338 0.13427858670196519 0.13542409123307197 0.13272579167090928 0.13244577945219427 0.1313511862335811 0.13511862335811017 0.136264127889217 0.1364168618266979 0.1330567152021179 0.13450768760818654 0.1296456572650443 0.12758374910905204 0.1398279197637715 0.1310711740148661 0.13539863557682516 0.13369310660828837 0.13300580388962427 0.13746054373281744 0.13203848895224518 0.133464005702067 0.1346095102331738 0.1330567152021179 0.1406425007636697 0.13267488035841565 0.1355768251705529 0.132903981264637
0.16304347826086957 0.16329803482333774 0.0561551776804806 0.18811729966398533 0.13608593829548926 0.13229304551471338 0.12956929029630385 0.05730068221158741 0.1338967518582629 0.057427960492821506 0.05238774055595153 0.0 0.0533295998370838 0.050784034212402 0.056867936055391505 0.05808980755523877 0.05579879849302515 0.05735159352408105 0.05684248039914469 0.136824152326647 0.132623969045922 0.13776601160777924 0.13226758985846654 0.13804602382649425 0.13341309438957336 0.13058751654617656 0.13270033601466247 0.132343956827207 0.13216576723347928 0.1367223297016597 0.1295183789838102 0.1274055595153243 0.14298442113837695 0.13679869667040015 0.13407494145199064 0.13588229304551472 0.1316566541085429 0.13239486813970064 0.1317584767335302 0.13455859892068017 0.13519499032685062 0.1347367885144079 0.13285306995214335 0.13308217085836474 0.12862743101517157 0.12732919254658384 0.13886060482639243 0.1318857550147643 0.13478769982690153 0.1328785256083902 0.13244577945219427 0.13832603604520924 0.130663883514917 0.13249669076468792 0.1346095102331738 0.13229304551471338 0.13987883107626514 0.1322166785459729 0.1347113328581611 0.13336218307707973
0.16327257916709093 0.1632216678545973 0.05842073108644741 0.18926280419509214 0.13504225638936973 0.1323185011709602 0.1296456572650443 0.058497098055187866 0.1333112717645861 0.05755523877405559 0.05414418083698198 0.0533295998370838 0.0 0.051827716118521536 0.059897159148762855 0.05836981977395377 0.056893391711638326 0.05859892068017514 0.05834436411770695 0.13705325323286835 0.1327512473271561 0.13636595051420425 0.13259851338967518 0.13863150392017107 0.13476224417065472 0.1313257305773343 0.13114754098360656 0.13379492923327563 0.1327512473271561 0.13720598717034926 0.13030750432746155 0.12814377354648201 0.14224620710721922 0.13590774870176153 0.13384584054576926 0.13555136951430607 0.13341309438957336 0.13186029935851745 0.13142755320232155 0.13438040932695244 0.1357295591080338 0.13466042154566746 0.13298034823337745 0.1326494247021688 0.12773648304653293 0.12608186539048977 0.1381223907952347 0.13043478260869565 0.13491497810813563 0.1332094491395988 0.1333367274208329 0.13830058038896242 0.1319112106710111 0.13354037267080746 0.13397311882700336 0.13216576723347928 0.1398024641075247 0.13183484370227064 0.13382038488952244 0.13359128398330108
0.16103248141737095 0.16194888504225638 0.05867528764891559 0.18890642500763669 0.1338712962020161 0.13303125954587108 0.12893289889013337 0.05895529986763059 0.13366765095204156 0.05592607677425924 0.05083494552489563 0.050784034212402 0.051827716118521536 0.0 0.058828021586396495 0.0569952143366256 0.05658792383667651 0.05717340393035333 0.055187862743101515 0.13547500254556563 0.13280215863964973 0.13753691070155788 0.13193666632725792 0.1381223907952347 0.13257305773342837 0.12928927807758883 0.13038387129620202 0.133744017920782 0.1310711740148661 0.13802056817024744 0.12842378576519703 0.1264127889216984 0.1427553202321556 0.13463496588942062 0.13160574279604928 0.13371856226453518 0.130103859077487 0.13155483148355565 0.13127481926484064 0.1333112717645861 0.1362895835454638 0.13384584054576926 0.13170756542103657 0.13244577945219427 0.1282455961714693 0.12699826901537523 0.1381223907952347 0.1300784034212402 0.13420221973322471 0.13112208532735975 0.13303125954587108 0.1365695957641788 0.13053660523368293 0.133183993483352 0.13336218307707973 0.13257305773342837 0.13751145504531107 0.13112208532735975 0.13402403013949699 0.13267488035841565
0.16726911719784135 0.16655635882293046 0.05462783830567152 0.19422665716322166 0.13410039710823746 0.13799511251400062 0.133183993483352 0.05450056002443743 0.13944608492006924 0.0548823948681397 0.05554424193055697 0.056867936055391505 0.059897159148762855 0.058828021586396495 0.0 0.06277364830465329 0.0629263822421342 0.05719885958660014 0.06519193564810101 0.13575501476428062 0.13664596273291926 0.134864066795642 0.13735872110783015 0.13646777313919153 0.1387078708889115 0.1358313817330211 0.13621321657672336 0.13845331432644334 0.13012931473373385 0.13631503920171062 0.12732919254658384 0.13214031157723247 0.13931880663883514 0.13404948579574383 0.1384024030139497 0.1383769473577029 0.13593320435800835 0.13707870888911516 0.1358313817330211 0.13303125954587108 0.14186437226351695 0.14033703288870786 0.13875878220140514 0.13990428673251196 0.1348386111393952 0.133183993483352 0.13555136951430607 0.13539863557682516 0.13382038488952244 0.1378169229202729 0.13819875776397517 0.13542409123307197 0.13677324101415334 0.13102026270237246 0.13873332654515833 0.1388096935138988 0.13753691070155788 0.13323490479584563 0.14005702066999287 0.13901333876387334
0.16161796151104776 0.1611088483861114 0.06129722024233785 0.18526626616434172 0.13415130842073109 0.13168210976478972 0.12778739435902658 0.06076265146115467 0.13155483148355565 0.06027899399246513 0.05595153243050606 0.05808980755523877 0.05836981977395377 0.0569952143366256 0.06277364830465329 0.0 0.05931167905508604 0.05903166683637104 0.058573465023928316 0.13499134507687607 0.13124936360859382 0.13506771204561654 0.12972202423378476 0.13662050707667245 0.132343956827207 0.12850015273393747 0.130103859077487 0.13229304551471338 0.1291110884838611 0.13697688626412788 0.12860197535892476 0.12475817126565523 0.1398279197637715 0.1333367274208329 0.13270033601466247 0.13323490479584563 0.13074025048365748 0.131223907952347 0.1293656450463293 0.13267488035841565 0.13468587720191427 0.13366765095204156 0.13142755320232155 0.1313511862335811 0.1271510029528561 0.1261582323592302 0.136824152326647 0.13071479482741066 0.13397311882700336 0.13130027492108748 0.13117299663985338 0.1362895835454638 0.13112208532735975 0.13040932695244883 0.13226758985846654 0.13208940026473884 0.1372823541390897 0.12916199979635476 0.1322166785459729 0.13203848895224518
0.16227980857346502 0.16248345382343957 0.0567152021179106 0.18954281641380716 0.13466042154566746 0.12959474595255066 0.12799103960900113 0.06274819264840648 0.1317584767335302 0.058293452805213315 0.056358822930455146 0.05579879849302515 0.056893391711638326 0.05658792383667651 0.0629263822421342 0.05931167905508604 0.0 0.057402504836574685 0.05363506771204562 0.13544954688931882 0.13084207310864474 0.13532226860808472 0.13201303329599837 0.13779146726402608 0.13254760207718155 0.1296711129212911 0.1283728744527034 0.132343956827207 0.13114754098360656 0.13692597495163425 0.12956929029630385 0.12562366357804705 0.14145708176356786 0.13369310660828837 0.13315853782710518 0.13415130842073109 0.13140209754607474 0.13102026270237246 0.13058751654617656 0.13196212198350474 0.13488952245188882 0.13407494145199064 0.13086752876489155 0.13211485592098565 0.12674371245290703 0.12620914367172387 0.1378423785765197 0.1303584156399552 0.13285306995214335 0.13272579167090928 0.1316311984522961 0.1352713572955911 0.1296456572650443 0.1310711740148661 0.13298034823337745 0.13127481926484064 0.1396751858262906 0.1303329599837084 0.133744017920782 0.132903981264637
0.16362895835454638 0.16423989410447 0.05373689033703289 0.1912992566948376 0.13152937582730884 0.13328581610833928 0.13183484370227064 0.05467874961816516 0.13432949801445881 0.05531514102433561 0.05730068221158741 0.05735159352408105 0.05859892068017514 0.05717340393035333 0.05719885958660014 0.05903166683637104 0.057402504836574685 0.0 0.058293452805213315 0.13272579167090928 0.13453314326443336 0.1326494247021688 0.13326036045209244 0.1347113328581611 0.13394766317075654 0.13224213420221972 0.1322166785459729 0.13542409123307197 0.12710009164036248 0.13384584054576926 0.12531819570308522 0.12809286223398839 0.13776601160777924 0.1309184400773852 0.13415130842073109 0.13550045820181245 0.13300580388962427 0.1327767029834029 0.1333112717645861 0.12969656857753792 0.13720598717034926 0.13598411567050198 0.13420221973322471 0.13621321657672336 0.13002749210874656 0.12898381020262703 0.13410039710823746 0.13155483148355565 0.1313511862335811 0.13422767538947153 0.133183993483352 0.13382038488952244 0.1327767029834029 0.12895835454638022 0.1347367885144079 0.1338967518582629 0.13506771204561654 0.13112208532735975 0.13606048263924245 0.1346095102331738
0.15996334385500457 0.1592505854800937 0.05877711027390286 0.1870736177578658 0.13438040932695244 0.12972202423378476 0.12827105182771611 0.06267182567966602 0.13127481926484064 0.059998981773750126 0.05730068221158741 0.05684248039914469 0.05834436411770695 0.055187862743101515 0.06519193564810101 0.058573465023928316 0.05363506771204562 0.058293452805213315 0.0 0.1357295591080338 0.12995112514000612 0.13509316770186336 0.1309184400773852 0.13567864779554017 0.13012931473373385 0.13000203645249975 0.1297729355462784 0.13084207310864474 0.1283728744527034 0.13542409123307197 0.1271510029528561 0.12300173098462479 0.13964973017004378 0.13341309438957336 0.13130027492108748 0.130663883514917 0.12862743101517157 0.12982384685877202 0.12990021382751246 0.13152937582730884 0.13404948579574383 0.13338763873332654 0.1296711129212911 0.13168210976478972 0.12610732104673658 0.12501272782812342 0.13674778535790652 0.13012931473373385 0.13394766317075654 0.13142755320232155 0.13068933917116382 0.13550045820181245 0.1296711129212911 0.13094389573363202 0.1309184400773852 0.13084207310864474 0.13746054373281744 0.12862743101517157 0.13203848895224518 0.1316566541085429
0.15889420629263823 0.15807962529274006 0.13239486813970064 0.17867325119641583 0.09090214845738723 0.09652784848793401 0.09242948783219632 0.13404948579574383 0.09558598920680175 0.13127481926484064 0.13707870888911516 0.136824152326647 0.13705325323286835 0.13547500254556563 0.13575501476428062 0.13499134507687607 0.13544954688931882 0.13272579167090928 0.1357295591080338 0.0 0.09146217289481723 0.09018939008247633 0.09543325526932084 0.08955299867630588 0.09530597698808675 0.0933968027695754 0.09556053355055494 0.09097851542612768 0.12872925364015883 0.0918440077385195 0.12679462376540068 0.13196212198350474 0.09561144486304857 0.0908512371448936 0.09194583036350677 0.09400773851949903 0.1341767640769779 0.09464412992566948 0.099047958456369 0.09782608695652174 0.101008043987374 0.09815701048773037 0.10233173811220854 0.09533143264433357 0.09484777517564402 0.09263313308217086 0.09398228286325222 0.10039710823745036 0.09601873536299765 0.100728031768659 0.09820792180022402 0.09797882089400264 0.098767946237654 0.09123307198859587 0.09619692495672538 0.09510233173811221 0.13496588942062926 0.12827105182771611 0.09405864983199266 0.09347316973831585
0.15494857957438143 0.15357397413705326 0.13420221973322471 0.17518582629060178 0.09220038692597494 0.0888656959576418 0.08665105386416862 0.13524590163934427 0.0892984421138377 0.13354037267080746 0.13415130842073109 0.132623969045922 0.1327512473271561 0.13280215863964973 0.13664596273291926 0.13124936360859382 0.13084207310864474 0.13453314326443336 0.12995112514000612 0.09146217289481723 0.0 0.09296405661337949 0.08970573261378678 0.09069850320741268 0.08906934120761634 0.08670196517666226 0.08632013033295999 0.08759291314530089 0.13012931473373385 0.09701150595662356 0.12778739435902658 0.1258273088280216 0.09838611139395173 0.09092760411363406 0.08626921902046635 0.09067304755116587 0.1313511862335811 0.08871296202016088 0.09332043580083495 0.09774971998778129 0.09538234395682721 0.09441502901944812 0.09497505345687812 0.08313817330210772 0.08402912127074635 0.08400366561449954 0.09161490683229814 0.09482231951939721 0.099607982893799 0.09627329192546584 0.09380409326952449 0.09917523673760309 0.09375318195703085 0.0942622950819672 0.09118216067610223 0.09273495570715813 0.13906425007636697 0.12478362692190205 0.0912839833010895 0.09136035026982996
0.1602433560737196 0.15907239588636596 0.13074025048365748 0.17951328785256085 0.09235312086345586 0.09787699826901537 0.09413501680073312 0.13371856226453518 0.09724060686284493 0.12931473373383565 0.13761327767029835 0.13776601160777924 0.13636595051420425 0.13753691070155788 0.134864066795642 0.13506771204561654 0.13532226860808472 0.1326494247021688 0.13509316770186336 0.09018939008247633 0.09296405661337949 0.0 0.09759698605030037 0.09217493126972813 0.0970624172691172 0.09337134711332858 0.09370227064453722 0.09288768964463903 0.12590367579676204 0.0902912127074636 0.12432542510945932 0.1318857550147643 0.09324406883209449 0.0911312493636086 0.0935495367070563 0.09530597698808675 0.134304042358212 0.09365135933204358 0.09958252723755219 0.09693513898788311 0.10322268608084717 0.10001527339374809 0.10245901639344263 0.09790245392526219 0.09461867426942266 0.09276041136340495 0.09044394664494451 0.10088076570613991 0.09797882089400264 0.10350269829956216 0.09879340189390083 0.09820792180022402 0.10001527339374809 0.08850931677018634 0.09291314530088586 0.09548416658181448 0.13550045820181245 0.12809286223398839 0.09433866205070766 0.09365135933204358
0.15387944201201506 0.15428673251196415 0.13415130842073109 0.17559311679055087 0.0943895733632013 0.08876387333265452 0.08670196517666226 0.13606048263924245 0.09194583036350677 0.132623969045922 0.13242032379594745 0.13226758985846654 0.13259851338967518 0.13193666632725792 0.13735872110783015 0.12972202423378476 0.13201303329599837 0.13326036045209244 0.1309184400773852 0.09543325526932084 0.08970573261378678 0.09759698605030037 0.0 0.09431320639446085 0.0897311882700336 0.08512371448935954 0.08698197739537725 0.09166581814479177 0.1296711129212911 0.09813155483148356 0.12926382242134202 0.12562366357804705 0.10042256389369718 0.09153853986355769 0.08413094389573363 0.09265858873841767 0.13242032379594745 0.0928367783321454 0.09500050911312494 0.09998981773750128 0.09660421545667447 0.0950768760818654 0.09543325526932084 0.08909479686386315 0.08637104164545362 0.08884024030139497 0.0950768760818654 0.09538234395682721 0.09940433764382446 0.09591691273801038 0.09288768964463903 0.10019346298747582 0.0957896344567763 0.09298951226962632 0.0924040321759495 0.09360044801954995 0.1367223297016597 0.12580185317177478 0.08980755523877405 0.09141126158232359
0.15853782710518277 0.15823235923022094 0.13422767538947153 0.17780775888402403 0.08779655839527543 0.09484777517564402 0.09405864983199266 0.13466042154566746 0.09543325526932084 0.13158028713980247 0.13835149170145605 0.13804602382649425 0.13863150392017107 0.1381223907952347 0.13646777313919153 0.13662050707667245 0.13779146726402608 0.1347113328581611 0.13567864779554017 0.08955299867630588 0.09069850320741268 0.09217493126972813 0.09431320639446085 0.0 0.09530597698808675 0.0902912127074636 0.09347316973831585 0.0947968638631504 0.1287801649526525 0.0932695244883413 0.12776193870277977 0.1306384278586702 0.09698605030037674 0.0860655737704918 0.09077487017615314 0.09370227064453722 0.13494043376438244 0.09469504123816312 0.099047958456369 0.09767335301904083 0.09841156705019856 0.09892068017513492 0.10121168923734854 0.09477140820690358 0.09342225842582222 0.09125852764484269 0.09276041136340495 0.09871703492516037 0.09372772630078403 0.09981162814377355 0.09897159148762855 0.09421138376947358 0.09698605030037674 0.08980755523877405 0.09365135933204358 0.09703696161287038 0.13496588942062926 0.12694735770288157 0.09446594033194176 0.0936768149882904
0.1580287139802464 0.15746868954281643 0.13539863557682516 0.17933509825883312 0.09604419101924448 0.09021484573872314 0.08738926789532635 0.13634049485795743 0.09146217289481723 0.13443132063944607 0.1333112717645861 0.13341309438957336 0.13476224417065472 0.13257305773342837 0.1387078708889115 0.132343956827207 0.13254760207718155 0.13394766317075654 0.13012931473373385 0.09530597698808675 0.08906934120761634 0.0970624172691172 0.0897311882700336 0.09530597698808675 0.0 0.0867783321454027 0.09158945117605131 0.09230220955096223 0.13203848895224518 0.09754607473780674 0.13158028713980247 0.12763466042154567 0.099887995112514 0.09248039914468995 0.08649831992668772 0.0890184298951227 0.13254760207718155 0.09006211180124224 0.09405864983199266 0.09925160370634355 0.09657875980042765 0.09673149373790857 0.09591691273801038 0.09064759189491906 0.08955299867630588 0.08820384889522452 0.09540779961307402 0.09601873536299765 0.10034619692495672 0.09584054576926994 0.0925567661134304 0.09970980551878628 0.09571326748803584 0.09708787292536401 0.08906934120761634 0.0931167905508604 0.13934426229508196 0.12745647082781794 0.09146217289481723 0.09245494348844313
0.15286121576214234 0.15143569901232054 0.1322166785459729 0.1739639547907545 0.09052031361368496 0.08657468689542816 0.08772019142653498 0.13443132063944607 0.08894206292638224 0.1317584767335302 0.13130027492108748 0.13058751654617656 0.1313257305773343 0.12928927807758883 0.1358313817330211 0.12850015273393747 0.1296711129212911 0.13224213420221972 0.13000203645249975 0.0933968027695754 0.08670196517666226 0.09337134711332858 0.08512371448935954 0.0902912127074636 0.0867783321454027 0.0 0.08540372670807453 0.0888656959576418 0.12794012829650747 0.0942622950819672 0.12676916810915384 0.12389267895326342 0.0952296100193463 0.08980755523877405 0.08392729864575908 0.08960390998879951 0.12860197535892476 0.08698197739537725 0.0912839833010895 0.09795336523775583 0.09268404439466449 0.09024030139496997 0.09390591589451176 0.08583647286427044 0.08504734752061908 0.08532735973933409 0.09120761633234904 0.09080032583239996 0.09792790958150902 0.09408410548823949 0.08978209958252724 0.09581509011302311 0.09197128601975359 0.09197128601975359 0.08685469911414316 0.0880511149577436 0.1361623052642297 0.12223806129722024 0.08660014255167499 0.08876387333265452
0.15512676916810916 0.15471947866816008 0.13351491701456064 0.17734955707158132 0.09171672945728541 0.08660014255167499 0.0867783321454027 0.13532226860808472 0.09003665614499541 0.13086752876489155 0.13203848895224518 0.13270033601466247 0.13114754098360656 0.13038387129620202 0.13621321657672336 0.130103859077487 0.1283728744527034 0.1322166785459729 0.1297729355462784 0.09556053355055494 0.08632013033295999 0.09370227064453722 0.08698197739537725 0.09347316973831585 0.09158945117605131 0.08540372670807453 0.0 0.08955299867630588 0.12969656857753792 0.09820792180022402 0.13000203645249975 0.12559820792180024 0.09830974442521129 0.09365135933204358 0.084360044801955 0.09039303533245087 0.13117299663985338 0.08934935342633134 0.09202219733224723 0.10052438651868445 0.09647693717544038 0.09566235617554221 0.09525506567559312 0.08912025252010997 0.0856328276142959 0.08835658283270542 0.09515324305060585 0.09545871092556767 0.10161897973729762 0.0942622950819672 0.09265858873841767 0.09955707158130536 0.09505142042561857 0.09286223398839222 0.08942572039507178 0.08822930455147134 0.13761327767029835 0.12664188982791977 0.0888656959576418 0.08980755523877405
0.15650137460543734 0.15466856735566642 0.1341767640769779 0.17490581407188677 0.0963496588942063 0.09230220955096223 0.09268404439466449 0.13791874554526015 0.09080032583239996 0.13382038488952244 0.13499134507687607 0.132343956827207 0.13379492923327563 0.133744017920782 0.13845331432644334 0.13229304551471338 0.132343956827207 0.13542409123307197 0.13084207310864474 0.09097851542612768 0.08759291314530089 0.09288768964463903 0.09166581814479177 0.0947968638631504 0.09230220955096223 0.0888656959576418 0.08955299867630588 0.0 0.1316311984522961 0.09352408105080949 0.1309184400773852 0.12666734548416658 0.09652784848793401 0.09533143264433357 0.08736381223907952 0.08708380002036452 0.13285306995214335 0.08751654617656043 0.0935495367070563 0.09894613583138173 0.09780063130027492 0.09724060686284493 0.09561144486304857 0.09232766520720904 0.0912839833010895 0.09064759189491906 0.09413501680073312 0.09739334080032583 0.10075348742490581 0.09726606251909174 0.09393137155075858 0.09996436208125445 0.09515324305060585 0.09174218511353223 0.08840749414519906 0.09011302311373587 0.13934426229508196 0.12592913145300885 0.0888656959576418 0.08721107830159862
0.16599633438550046 0.164519906323185 0.12717645860910295 0.18648813766418898 0.12651461154668567 0.12939110070257612 0.12651461154668567 0.12832196314020974 0.1311984522961002 0.1258527644842684 0.13343855004582017 0.13216576723347928 0.1327512473271561 0.1310711740148661 0.13012931473373385 0.1291110884838611 0.13114754098360656 0.12710009164036248 0.1283728744527034 0.12872925364015883 0.13012931473373385 0.12590367579676204 0.1296711129212911 0.1287801649526525 0.13203848895224518 0.12794012829650747 0.12969656857753792 0.1316311984522961 0.0 0.12995112514000612 0.0651664799918542 0.06799205783525099 0.131223907952347 0.1268200794216475 0.12857651970267794 0.12987475817126565 0.07524691986559413 0.13025659301496792 0.13002749210874656 0.12702372467162204 0.13509316770186336 0.13280215863964973 0.13254760207718155 0.1317584767335302 0.12766011607779248 0.12590367579676204 0.12755829345280523 0.13102026270237246 0.12664188982791977 0.13252214642093474 0.13193666632725792 0.12987475817126565 0.13183484370227064 0.12404541289074432 0.13053660523368293 0.1321912228897261 0.07959983708380002 0.07168312799103961 0.1306384278586702 0.1302056817024743
0.1582832705427146 0.15853782710518277 0.13280215863964973 0.17969147744628858 0.09787699826901537 0.09830974442521129 0.09802973220649629 0.13394766317075654 0.09935342633133082 0.131783932389777 0.13743508807657062 0.1367223297016597 0.13720598717034926 0.13802056817024744 0.13631503920171062 0.13697688626412788 0.13692597495163425 0.13384584054576926 0.13542409123307197 0.0918440077385195 0.09701150595662356 0.0902912127074636 0.09813155483148356 0.0932695244883413 0.09754607473780674 0.0942622950819672 0.09820792180022402 0.09352408105080949 0.12995112514000612 0.0 0.12822014051522249 0.13155483148355565 0.09281132267589859 0.0941095611444863 0.09825883311271764 0.09069850320741268 0.13494043376438244 0.09250585480093677 0.10042256389369718 0.1014407901435699 0.10365543223704307 0.10161897973729762 0.10513186029935852 0.099607982893799 0.09657875980042765 0.09548416658181448 0.09713878423785766 0.10360452092454943 0.1022808267997149 0.10393544445575807 0.1035536096120558 0.10062620914367172 0.1035536096120558 0.08878932898890134 0.09248039914468995 0.0932695244883413 0.1371550758578556 0.12842378576519703 0.09217493126972813 0.0918440077385195
0.1660472456979941 0.16401079319824866 0.1257000305467875 0.18557173403930352 0.1262600549842175 0.1292383667650952 0.12692190204663475 0.12521637307809796 0.13084207310864474 0.12305264229711842 0.13089298442113836 0.1295183789838102 0.13030750432746155 0.12842378576519703 0.12732919254658384 0.12860197535892476 0.12956929029630385 0.12531819570308522 0.1271510029528561 0.12679462376540068 0.12778739435902658 0.12432542510945932 0.12926382242134202 0.12776193870277977 0.13158028713980247 0.12676916810915384 0.13000203645249975 0.1309184400773852 0.0651664799918542 0.12822014051522249 0.0 0.06834843702270645 0.1303584156399552 0.12620914367172387 0.12883107626514612 0.1272782812340902 0.0747887180531514 0.12954383464005703 0.1299256694837593 0.12661643417167295 0.13300580388962427 0.13183484370227064 0.13193666632725792 0.13247123510844108 0.12827105182771611 0.12575094185928112 0.12664188982791977 0.12974747989003158 0.12720191426534977 0.13170756542103657 0.13096935138987884 0.12972202423378476 0.130663883514917 0.1224671622034416 0.12946746767131656 0.13096935138987884 0.07965074839629366 0.07270135424091233 0.13043478260869565 0.12883107626514612
0.16373078097953364 0.16174523979228184 0.1293401893900825 0.183968027695754 0.12959474595255066 0.12524182873434478 0.12353629976580796 0.13012931473373385 0.1261327767029834 0.12816922920272886 0.12745647082781794 0.1274055595153243 0.12814377354648201 0.1264127889216984 0.13214031157723247 0.12475817126565523 0.12562366357804705 0.12809286223398839 0.12300173098462479 0.13196212198350474 0.1258273088280216 0.1318857550147643 0.12562366357804705 0.1306384278586702 0.12763466042154567 0.12389267895326342 0.12559820792180024 0.12666734548416658 0.06799205783525099 0.13155483148355565 0.06834843702270645 0.0 0.1352713572955911 0.1290856328276143 0.12376540067202932 0.1258273088280216 0.0710976478973628 0.1264127889216984 0.12755829345280523 0.12898381020262703 0.12962020160879748 0.1292129111088484 0.1268200794216475 0.12939110070257612 0.12498727217187659 0.12307809795336523 0.13130027492108748 0.12651461154668567 0.13068933917116382 0.1285256083901843 0.1272782812340902 0.13208940026473884 0.1267182567966602 0.1268200794216475 0.12633642195295794 0.12890744323388656 0.08191630180226046 0.06763567864779554 0.12648915589043885 0.12661643417167295
0.16449445066693819 0.16388351491701456 0.1364168618266979 0.18427349557071582 0.09624783626921903 0.10029528561246309 0.09955707158130536 0.13852968129518378 0.09925160370634355 0.1348386111393952 0.1431880663883515 0.14298442113837695 0.14224620710721922 0.1427553202321556 0.13931880663883514 0.1398279197637715 0.14145708176356786 0.13776601160777924 0.13964973017004378 0.09561144486304857 0.09838611139395173 0.09324406883209449 0.10042256389369718 0.09698605030037674 0.099887995112514 0.0952296100193463 0.09830974442521129 0.09652784848793401 0.131223907952347 0.09281132267589859 0.1303584156399552 0.1352713572955911 0.0 0.0972151512065981 0.09841156705019856 0.09690968333163628 0.135704103451787 0.09174218511353223 0.10317177476835353 0.10240810508094898 0.10620099786172488 0.10594644129925669 0.10518277161185215 0.09869157926891355 0.09729151817533856 0.09828428876896446 0.09347316973831585 0.10579370736177579 0.10238264942470217 0.10571734039303533 0.1017208023622849 0.10306995214336626 0.10518277161185215 0.09265858873841767 0.09466958558191631 0.09225129823846859 0.13873332654515833 0.12109255676611343 0.09365135933204358 0.09917523673760309
0.1577487017615314 0.15637409632420324 0.12941655635882293 0.17900417472762448 0.08772019142653498 0.09202219733224723 0.09021484573872314 0.13152937582730884 0.09433866205070766 0.12900926585887385 0.1357295591080338 0.13679869667040015 0.13590774870176153 0.13463496588942062 0.13404948579574383 0.1333367274208329 0.13369310660828837 0.1309184400773852 0.13341309438957336 0.0908512371448936 0.09092760411363406 0.0911312493636086 0.09153853986355769 0.0860655737704918 0.09248039914468995 0.08980755523877405 0.09365135933204358 0.09533143264433357 0.1268200794216475 0.0941095611444863 0.12620914367172387 0.1290856328276143 0.0972151512065981 0.0 0.08861113939517361 0.09673149373790857 0.13236941248345382 0.09533143264433357 0.09708787292536401 0.09235312086345586 0.09843702270644537 0.09741879645657266 0.09909886976886265 0.09352408105080949 0.0910039710823745 0.09082578148864678 0.08840749414519906 0.09802973220649629 0.09324406883209449 0.09810609917523674 0.09772426433153447 0.0918440077385195 0.09604419101924448 0.08968027695753997 0.09540779961307402 0.09731697383158538 0.13468587720191427 0.12758374910905204 0.09469504123816312 0.09416047245697994
