0.0 0.04088132407455751 0.03973267895368872 0.042639099183765815 0.04025479037226544 0.04202996919542631 0.11342000382881708 0.11415095981482448 0.04143824292103935 0.11477749351711655 0.04222141004890444 0.10127221148993196 0.11369846325205799 0.1148819158008319 0.11710959118675926 0.11552585321707652 0.108703597347674 0.041942950625663514 0.12177378652604466 0.10311700516890304 0.04187333576985329 0.10913869019648793 0.04425764458135366 0.045336674846412225 0.04173410605823283 0.10285594945961468 0.10367392401538489 0.041890739483805846 0.10071529264345011 0.10795523764771402 0.12166936424232931 0.041490454062897024 0.041821124627995615 0.10235124175499051 0.10122000034807428 0.10400459458048347 0.11989418541916845 0.1194242851424494 0.11935467028663917 0.12001601141683635 0.10675438138498755 0.11409874867296681 0.049078473346212084 0.050557789032179466 0.049600584764788805 0.04880001392297116 0.10296037174333003 0.1035869054456221 0.04159487634661237 0.11448163037992308
0.04088132407455751 0.0 0.040341808942028226 0.04171670234428027 0.039819697523451505 0.04159487634661237 0.11295010355209802 0.11368105953810544 0.04218660262099932 0.11420317095668216 0.04258688804190814 0.10108077063645382 0.11399432638925147 0.11486451208687934 0.1163960389147044 0.11474268608921144 0.10868619363372144 0.04255208061400303 0.1222436868027637 0.10240345289684818 0.04157747263265981 0.10873840477557911 0.045040811709218746 0.046224264257992656 0.041890739483805846 0.1023164343270854 0.10344767573400164 0.04176891348613794 0.10024539236673106 0.10807706364538193 0.12234810908647906 0.04129901320941889 0.042778328895386276 0.10229903061313285 0.10061087035973476 0.10294296802937747 0.12095581197027445 0.12006822255869402 0.11996380027497867 0.12031187455402984 0.1069806296663708 0.11453384152178075 0.04906106963225952 0.0498094293322195 0.049269914199690214 0.04913068448806975 0.10290816060147236 0.10294296802937747 0.04209958405123653 0.11474268608921144
0.03973267895368872 0.040341808942028226 0.0 0.04032440522807567 0.036930681007326965 0.03999373466297708 0.11141857672427297 0.11194068814284969 0.04068988322107938 0.11308933326371848 0.03917576010720688 0.09944482152491342 0.1129152961241929 0.11347221497067474 0.11496893437059469 0.11314154440557615 0.10649332567569919 0.0401503680885501 0.12025966341217216 0.1012896152038845 0.03868845611653527 0.10671957395708244 0.04368332202091926 0.04479715971388294 0.03966306409787849 0.10102855949459615 0.10195095633408169 0.040898727788510066 0.0984702135435702 0.10584938825945457 0.12053812283541308 0.03934979724673245 0.03971527523973616 0.10062827407368732 0.09942741781096086 0.10168990062479333 0.11855409944482152 0.11766651003324109 0.11777093231695644 0.11853669573086897 0.10530987312692529 0.11366365582415287 0.047668772516054926 0.0477209836579126 0.04864338049739814 0.04777319479977027 0.10109817435040638 0.10130701891783707 0.04021998294436033 0.11331558154510173
0.042639099183765815 0.04171670234428027 0.04032440522807567 0.0 0.04105536121408308 0.041264205781513776 0.11314154440557615 0.11387250039158356 0.042412850902382566 0.11397692267529891 0.041455646634991905 0.10085452235507057 0.11435980438225517 0.11498633808454724 0.11686593919142345 0.11538662350545606 0.10877321220348422 0.042116987765189094 0.12215666823300092 0.10245566403870586 0.04176891348613794 0.10879061591743679 0.04446648914878435 0.04578917140917872 0.04239544718843001 0.10184653405036635 0.10301258288518769 0.04255208061400303 0.1002279886527785 0.10812927478723959 0.12264397222367253 0.04068988322107938 0.041751509772185384 0.10196836004803425 0.10066308150159244 0.10275152717589933 0.12086879340051167 0.11987678170521589 0.1196679371377852 0.12043370055169773 0.10713726309194382 0.11507335665431002 0.048347517360204664 0.04944395133921579 0.04939174019735812 0.04970500704850415 0.10240345289684818 0.1028907568875198 0.04222141004890444 0.11493412694268958
0.04025479037226544 0.039819697523451505 0.036930681007326965 0.04105536121408308 0.0 0.039819697523451505 0.11065281331036043 0.11114011730103204 0.03992411980716685 0.11201030299865991 0.03928018239092222 0.09895751753424181 0.11207991785447015 0.11190588071494458 0.11416836352877704 0.11234097356375851 0.10544910283854575 0.03966306409787849 0.11945909257035452 0.10021058493882594 0.038375189265389235 0.10560573626411876 0.043961781444160186 0.0439965888720653 0.040498442367601244 0.10043683322020919 0.10146365234341008 0.03999373466297708 0.09819175412032928 0.1054665065524983 0.11963312970988009 0.039489026958352914 0.03985450495135662 0.1001061626551106 0.09890530639238414 0.10109817435040638 0.1180319880262448 0.11707478375885413 0.11703997633094902 0.11784054717276667 0.10381315372700534 0.1125846255590943 0.04812126907882142 0.04761656137419725 0.04913068448806975 0.04739031309281401 0.10095894463878592 0.10106336692250126 0.04115978349779843 0.11220174385213805
0.04202996919542631 0.04159487634661237 0.03999373466297708 0.041264205781513776 0.039819697523451505 0.0 0.11371586696601055 0.11493412694268958 0.04187333576985329 0.11496893437059469 0.04202996919542631 0.10142884491550497 0.11472528237525888 0.11559546807288676 0.11730103204023738 0.11596094606589046 0.10840773421048051 0.042517273186097916 0.12227849423066882 0.10299517917123514 0.04095093893036774 0.10856436763605354 0.045562923127795474 0.04688560538818984 0.04150785777684958 0.1027689308898519 0.10372613515724255 0.042082180337283975 0.10083711864111801 0.10877321220348422 0.12297464278877113 0.04102055378617797 0.04309159574653231 0.1021946083294175 0.1014114412015524 0.10336065716423885 0.12099061939817957 0.12038148940984006 0.12041629683774517 0.12107763796794235 0.10760716336866287 0.11550844950312397 0.04860857306949303 0.04876520649506605 0.049861640474077165 0.04864338049739814 0.10297777545728258 0.1032562348805235 0.04157747263265981 0.11516037522407281
0.11342000382881708 0.11295010355209802 0.11141857672427297 0.11314154440557615 0.11065281331036043 0.11371586696601055 0.0 0.037974903844480414 0.11256722184514176 0.03978489009554639 0.11105309873126926 0.12189561252371256 0.06296663708035295 0.038114133556100875 0.039262778676969666 0.03959344924206826 0.06723054699872953 0.11234097356375851 0.08855009659061244 0.12259176108181485 0.11202770671261247 0.06794409927078439 0.1115229990079883 0.11183626585913434 0.112793470126525 0.12330531335386971 0.12370559877477853 0.11246279956142641 0.12039889312379262 0.06324509650359386 0.0875406811813641 0.11282827755443012 0.11225395499399572 0.12231330165857394 0.12222628308881116 0.12382742477244645 0.08593953949772881 0.08581771350006091 0.08466906837919212 0.08592213578377626 0.06823996240797786 0.06301884822221061 0.1062844811082685 0.10490958770601647 0.1062496736803634 0.10732870394542195 0.12274839450738788 0.12309646878643903 0.11213212899632781 0.06305365565011574
0.11415095981482448 0.11368105953810544 0.11194068814284969 0.11387250039158356 0.11114011730103204 0.11493412694268958 0.037974903844480414 0.0 0.11354182982648497 0.04058546093736403 0.1116448250056562 0.12193041995161767 0.06453297133608311 0.040307001514123114 0.040863920360604954 0.041194590925703545 0.06768304356149603 0.11342000382881708 0.08952470457195566 0.12287022050505578 0.11251501070328408 0.06787448441497415 0.11218434013818548 0.1124279921335213 0.11359404096834265 0.12347935049339528 0.1240536730538297 0.11409874867296681 0.1205729302633182 0.06390643763379106 0.08910701543709428 0.11338519640091195 0.11340260011486451 0.12276579822134043 0.12274839450738788 0.1237230024887311 0.0872970291860283 0.08724481804417063 0.08661828434187856 0.08766250717903201 0.06911014810560574 0.06479402704537149 0.10732870394542195 0.10598861797107503 0.10729389651751683 0.10809446735933448 0.1230268539306288 0.12354896534920552 0.11317635183348126 0.06451556762213057
0.04143824292103935 0.04218660262099932 0.04068988322107938 0.042412850902382566 0.03992411980716685 0.04187333576985329 0.11256722184514176 0.11354182982648497 0.0 0.1133677926869594 0.03997633094902452 0.10059346664578221 0.11395951896134635 0.11427278581249238 0.1161871943472737 0.11495153065664213 0.10771158565237822 0.04025479037226544 0.12102542682608469 0.10229903061313285 0.0401503680885501 0.10842513792443308 0.046015419690561964 0.04549330827198524 0.03976748638159383 0.10182913033641379 0.102647104892184 0.041072764928035646 0.09986251065977479 0.10765937451052054 0.12172157538418699 0.03910614525139665 0.04041142379783846 0.10188134147827146 0.10054125550392454 0.10262970117823143 0.11994639656102613 0.11912842200525592 0.1190588071494457 0.11951130371221219 0.10656294053150943 0.11453384152178075 0.04839972850206234 0.050087888755460414 0.049339529055500445 0.0489914547764493 0.10210758975965471 0.10290816060147236 0.040011138376929635 0.11477749351711655
0.11477749351711655 0.11420317095668216 0.11308933326371848 0.11397692267529891 0.11201030299865991 0.11496893437059469 0.03978489009554639 0.04058546093736403 0.1133677926869594 0.0 0.11234097356375851 0.12321829478410692 0.06387163020588593 0.04079430550479472 0.04187333576985329 0.03934979724673245 0.0683095772637881 0.11376807810786822 0.08973354913938635 0.12398405819801946 0.1134896186846273 0.0688838998242225 0.11305452583581337 0.1124279921335213 0.11362884839624776 0.12407107676778224 0.12481943646774221 0.11479489723106912 0.12182599766790234 0.06515950503837518 0.089629126855671 0.11380288553577333 0.11420317095668216 0.1238796359143041 0.12344454306549017 0.12518491446074592 0.08771471832088967 0.08828904088132407 0.08755808489531666 0.0883586557371343 0.06890130353817504 0.0652813310360431 0.10729389651751683 0.10609304025479037 0.1074331262291373 0.10865138620581632 0.12382742477244645 0.12462799561426409 0.11355923354043752 0.06455037505003568
0.04222141004890444 0.04258688804190814 0.03917576010720688 0.041455646634991905 0.03928018239092222 0.04202996919542631 0.11105309873126926 0.1116448250056562 0.03997633094902452 0.11234097356375851 0.0 0.10050644807601943 0.11268904784280966 0.11275866269861988 0.11484710837292678 0.11312414069162359 0.10692841852451312 0.04002854209088219 0.1204511042656503 0.10175951548060357 0.037974903844480414 0.10638890339198386 0.0455107119859378 0.04488417828364573 0.03971527523973616 0.1014984597713152 0.10259489375032632 0.04077690179084217 0.09953184009467621 0.10618005882455316 0.12020745227031449 0.039680467811831044 0.03959344924206826 0.10158547834107799 0.10045423693416175 0.102647104892184 0.11895438486573034 0.11806679545414991 0.11747506917976296 0.11817121773786526 0.10564054369202387 0.11298491098000313 0.047929828225343286 0.048225691362536766 0.04946135505316834 0.04827790250439444 0.10202057118989193 0.10257749003637376 0.03891470439791852 0.11277606641257244
0.10127221148993196 0.10108077063645382 0.09944482152491342 0.10085452235507057 0.09895751753424181 0.10142884491550497 0.12189561252371256 0.12193041995161767 0.10059346664578221 0.12321829478410692 0.10050644807601943 0.0 0.12280060564924555 0.12300945021667624 0.12436693990497572 0.12389703962825667 0.11818862145181781 0.10075010007135522 0.13167649976504986 0.035607998746932594 0.10047164064811431 0.11841486973320106 0.10236864546894307 0.10299517917123514 0.10061087035973476 0.03454637219582659 0.03633895473294001 0.10048904436206686 0.03633895473294001 0.11625680920308394 0.13139804034180894 0.10043683322020919 0.1008023112132129 0.03532953932369168 0.03559059503298004 0.03743538871195113 0.13028420264884527 0.12880488696287787 0.12936180580935971 0.12967507266050576 0.1181538140239127 0.12403626933987713 0.10116778920621661 0.10038462207835153 0.10120259663412172 0.10075010007135522 0.03618232130736699 0.036112706451556766 0.10008875894115804 0.12393184705616178
0.11369846325205799 0.11399432638925147 0.1129152961241929 0.11435980438225517 0.11207991785447015 0.11472528237525888 0.06296663708035295 0.06453297133608311 0.11395951896134635 0.06387163020588593 0.11268904784280966 0.12280060564924555 0.0 0.06303625193616318 0.06641257244295933 0.06385422649193338 0.06364538192450268 0.11449903409387563 0.0931446770740876 0.12422771019335527 0.11390730781948868 0.06432412676865243 0.1119754955707548 0.11267164412885709 0.11460345637759098 0.12434953619102317 0.12485424389564734 0.11420317095668216 0.12158234567256652 0.0540211281087384 0.09269218051132111 0.11390730781948868 0.1143075932403975 0.1240536730538297 0.12365338763292087 0.12518491446074592 0.09140430567883186 0.09086479054630259 0.09016864198820028 0.090690753406777 0.06364538192450268 0.0327015785168555 0.10590159940131225 0.10497920256182669 0.1053446805548304 0.10638890339198386 0.12476722532588454 0.12487164760959989 0.11390730781948868 0.030717555126263944
0.1148819158008319 0.11486451208687934 0.11347221497067474 0.11498633808454724 0.11190588071494458 0.11559546807288676 0.038114133556100875 0.040307001514123114 0.11427278581249238 0.04079430550479472 0.11275866269861988 0.12300945021667624 0.06303625193616318 0.0 0.04051584608155381 0.039523834386258026 0.06569902017090447 0.11463826380549609 0.08935066743243009 0.12381002105849388 0.11321115926138638 0.06742198785220765 0.11371586696601055 0.11312414069162359 0.1143946118101603 0.12427992133521293 0.12488905132355245 0.11448163037992308 0.12133869367723073 0.0633147113594041 0.08910701543709428 0.11495153065664213 0.11444682295201795 0.123844828486399 0.1232705059259646 0.124906455037505 0.08712299204650273 0.08721001061626552 0.08627021006282741 0.08727962547207574 0.06782227327311648 0.06242712194782367 0.10795523764771402 0.10682399624079779 0.10767677822447311 0.10854696392210098 0.12393184705616178 0.1242103064794027 0.11383769296367845 0.06322769278964131
0.11710959118675926 0.1163960389147044 0.11496893437059469 0.11686593919142345 0.11416836352877704 0.11730103204023738 0.039262778676969666 0.040863920360604954 0.1161871943472737 0.04187333576985329 0.11484710837292678 0.12436693990497572 0.06641257244295933 0.04051584608155381 0.0 0.040498442367601244 0.07001514123113872 0.11589133121008023 0.09210045423693416 0.1254807775979394 0.11543883464731373 0.07024138951252197 0.11489931951478445 0.11489931951478445 0.11627421291703649 0.1260551001583738 0.1266294227188082 0.11615238691936859 0.12321829478410692 0.06592526845228772 0.09182199481369324 0.11662228719608765 0.11629161663098905 0.12530674045841383 0.1251501070328408 0.12671644128857099 0.09025566055796307 0.08989018256495936 0.0895073008580031 0.09055152369515655 0.07064167493343079 0.06580344245461982 0.10948676447553908 0.10908647905463026 0.10973041647087488 0.11077463930802833 0.125811448163038 0.1260551001583738 0.11599575349379558 0.06562940531509424
0.11552585321707652 0.11474268608921144 0.11314154440557615 0.11538662350545606 0.11234097356375851 0.11596094606589046 0.03959344924206826 0.041194590925703545 0.11495153065664213 0.03934979724673245 0.11312414069162359 0.12389703962825667 0.06385422649193338 0.039523834386258026 0.040498442367601244 0.0 0.06724795071268208 0.11451643780782819 0.08971614542543378 0.12438434361892828 0.11371586696601055 0.06879688125445971 0.11355923354043752 0.11359404096834265 0.11476008980316399 0.12520231817469848 0.12553298873979707 0.11495153065664213 0.1223307053725265 0.0639238413477436 0.0895073008580031 0.11476008980316399 0.11460345637759098 0.12462799561426409 0.1240884804817348 0.12575923702118033 0.08797577403017803 0.08757548860926921 0.08691414747907203 0.08771471832088967 0.06864024782888668 0.06394124506169617 0.10765937451052054 0.10680659252684523 0.10884282705929445 0.10898205677091491 0.12485424389564734 0.12495866617936267 0.11486451208687934 0.06418489705703197
0.108703597347674 0.10868619363372144 0.10649332567569919 0.10877321220348422 0.10544910283854575 0.10840773421048051 0.06723054699872953 0.06768304356149603 0.10771158565237822 0.0683095772637881 0.10692841852451312 0.11818862145181781 0.06364538192450268 0.06569902017090447 0.07001514123113872 0.06724795071268208 0.0 0.10793783393376147 0.08919403400685706 0.11944168885640195 0.10710245566403871 0.04283054003724395 0.10684139995475034 0.10715466680589637 0.10839033049652796 0.11970274456569031 0.12059033397727074 0.10809446735933448 0.11690074661932856 0.0424824657581928 0.08853269287665988 0.10842513792443308 0.10795523764771402 0.11898919229363546 0.11851929201691641 0.12067735254703353 0.08689674376511948 0.08621799892096974 0.08642684348840042 0.0868097251953567 0.04420543343949599 0.06321028907568875 0.10146365234341008 0.10102855949459615 0.10101115578064358 0.10195095633408169 0.11914582571920848 0.12005081884474146 0.1080422562174768 0.061748377103673924
0.041942950625663514 0.04255208061400303 0.0401503680885501 0.042116987765189094 0.03966306409787849 0.042517273186097916 0.11234097356375851 0.11342000382881708 0.04025479037226544 0.11376807810786822 0.04002854209088219 0.10075010007135522 0.11449903409387563 0.11463826380549609 0.11589133121008023 0.11451643780782819 0.10793783393376147 0.0 0.12170417167023442 0.10214239718755982 0.039889312379261736 0.10795523764771402 0.04627647539985033 0.04613724568822987 0.040446231225743576 0.10188134147827146 0.10294296802937747 0.04150785777684958 0.0997406846621069 0.10757235594075776 0.12187820880976 0.03947162324440036 0.040045945804834754 0.10165509319688822 0.1005586592178771 0.10268191232008911 0.1204511042656503 0.11914582571920848 0.1194242851424494 0.11984197427731078 0.10675438138498755 0.1150037417984998 0.04799944308115352 0.0489914547764493 0.04987904418802973 0.04925251048573766 0.10226422318522772 0.10257749003637376 0.039889312379261736 0.11448163037992308
0.12177378652604466 0.1222436868027637 0.12025966341217216 0.12215666823300092 0.11945909257035452 0.12227849423066882 0.08855009659061244 0.08952470457195566 0.12102542682608469 0.08973354913938635 0.1204511042656503 0.13167649976504986 0.0931446770740876 0.08935066743243009 0.09210045423693416 0.08971614542543378 0.08919403400685706 0.12170417167023442 0.0 0.13261630031848798 0.1216345568144242 0.08896778572547381 0.12126907882142049 0.12099061939817957 0.12128648253537305 0.13270331888825077 0.13320802659287492 0.12119946396561027 0.13017978036512992 0.08743625889764876 0.033310708505195005 0.12173897909813955 0.12095581197027445 0.13240745575105728 0.131867940618528 0.1328425485998712 0.029342661724011905 0.029325258010059346 0.030856784837884406 0.031866200247132735 0.09041229398353609 0.09277919908108391 0.11756208774952574 0.11674411319375555 0.11752728032162063 0.11836265859134339 0.1328077411719661 0.13315581545101723 0.12104283054003724 0.09344054021128109
0.10311700516890304 0.10240345289684818 0.1012896152038845 0.10245566403870586 0.10021058493882594 0.10299517917123514 0.12259176108181485 0.12287022050505578 0.10229903061313285 0.12398405819801946 0.10175951548060357 0.035607998746932594 0.12422771019335527 0.12381002105849388 0.1254807775979394 0.12438434361892828 0.11944168885640195 0.10214239718755982 0.13261630031848798 0.0 0.10175951548060357 0.11991158913312101 0.10376094258514768 0.1038305574409579 0.10165509319688822 0.0343375276283959 0.03647818444456047 0.10212499347360726 0.0365477993003707 0.1175794914634783 0.13216380375572148 0.10189874519222403 0.10184653405036635 0.03536434675159679 0.03531213560973912 0.0385144189770097 0.13118919577437826 0.12970988008841086 0.1304756435023234 0.13040602864651316 0.11972014827964288 0.12504568474912547 0.1027689308898519 0.10202057118989193 0.10283854574566212 0.10256008632242121 0.036495588158513025 0.03628674359108234 0.10130701891783707 0.12518491446074592
0.04187333576985329 0.04157747263265981 0.03868845611653527 0.04176891348613794 0.038375189265389235 0.04095093893036774 0.11202770671261247 0.11251501070328408 0.0401503680885501 0.1134896186846273 0.037974903844480414 0.10047164064811431 0.11390730781948868 0.11321115926138638 0.11543883464731373 0.11371586696601055 0.10710245566403871 0.039889312379261736 0.1216345568144242 0.10175951548060357 0.0 0.10778120050818844 0.04617205311613498 0.04631128282775544 0.04002854209088219 0.10167249691084078 0.10256008632242121 0.041124976069893314 0.09970587723420178 0.10691101481056058 0.12159974938651909 0.03901912668163386 0.04098574635827285 0.1014114412015524 0.1001061626551106 0.1021946083294175 0.1197897631354531 0.11876294401225221 0.11855409944482152 0.11931986285873405 0.10658034424546198 0.11395951896134635 0.04886962877878139 0.04968760333455159 0.05033154075079622 0.048904436206686504 0.1021946083294175 0.101742111766651 0.04013296437459754 0.11395951896134635
0.10913869019648793 0.10873840477557911 0.10671957395708244 0.10879061591743679 0.10560573626411876 0.10856436763605354 0.06794409927078439 0.06787448441497415 0.10842513792443308 0.0688838998242225 0.10638890339198386 0.11841486973320106 0.06432412676865243 0.06742198785220765 0.07024138951252197 0.06879688125445971 0.04283054003724395 0.10795523764771402 0.08896778572547381 0.11991158913312101 0.10778120050818844 0.0 0.10703284080822847 0.10713726309194382 0.10805965993142937 0.11965053342383264 0.12032927826798238 0.10852956020814841 0.11712699490071181 0.04350928488139369 0.08886336344175848 0.10851215649419586 0.1077637967942359 0.11956351485406985 0.11902399972154058 0.12003341513078891 0.08674011033954646 0.08633982491863763 0.08592213578377626 0.08700116604883482 0.043491881167441133 0.06486364190118171 0.1018639377643189 0.10115038549226404 0.1011329817783115 0.10228162689918029 0.11958091856802242 0.12017264484240937 0.10802485250352425 0.06340172992916689
0.04425764458135366 0.045040811709218746 0.04368332202091926 0.04446648914878435 0.043961781444160186 0.045562923127795474 0.1115229990079883 0.11218434013818548 0.046015419690561964 0.11305452583581337 0.0455107119859378 0.10236864546894307 0.1119754955707548 0.11371586696601055 0.11489931951478445 0.11355923354043752 0.10684139995475034 0.04627647539985033 0.12126907882142049 0.10376094258514768 0.04617205311613498 0.10703284080822847 0.0 0.04009815694669242 0.04599801597660941 0.10409161315024626 0.10473555056649089 0.04577176769522616 0.10195095633408169 0.10668476652917733 0.12123427139351538 0.04394437773020762 0.04636349396961312 0.10348248316190675 0.10196836004803425 0.10461372456882298 0.11959832228197498 0.11874554029829966 0.1190588071494457 0.11947649628430707 0.10565794740597644 0.11286308498233523 0.04310899946048487 0.043857359160444837 0.04373553316277694 0.04331784402791556 0.10430045771767696 0.10426565028977183 0.04627647539985033 0.11268904784280966
0.045336674846412225 0.046224264257992656 0.04479715971388294 0.04578917140917872 0.0439965888720653 0.04688560538818984 0.11183626585913434 0.1124279921335213 0.04549330827198524 0.1124279921335213 0.04488417828364573 0.10299517917123514 0.11267164412885709 0.11312414069162359 0.11489931951478445 0.11359404096834265 0.10715466680589637 0.04613724568822987 0.12099061939817957 0.1038305574409579 0.04631128282775544 0.10713726309194382 0.04009815694669242 0.0 0.04498860056736107 0.10377834629910022 0.10473555056649089 0.045006004281313634 0.10209018604570215 0.10588419568735968 0.12078177483074888 0.04512783027898153 0.04580657512313128 0.10372613515724255 0.1023164343270854 0.10457891714091787 0.11959832228197498 0.11864111801458431 0.1186063105866792 0.11895438486573034 0.10496179884787414 0.1123061661358534 0.04453610400459458 0.045562923127795474 0.04676377939052194 0.04530186741850711 0.10447449485720253 0.1046485319967281 0.04606763083241964 0.11265424041490454
0.04173410605823283 0.041890739483805846 0.03966306409787849 0.04239544718843001 0.040498442367601244 0.04150785777684958 0.112793470126525 0.11359404096834265 0.03976748638159383 0.11362884839624776 0.03971527523973616 0.10061087035973476 0.11460345637759098 0.1143946118101603 0.11627421291703649 0.11476008980316399 0.10839033049652796 0.040446231225743576 0.12128648253537305 0.10165509319688822 0.04002854209088219 0.10805965993142937 0.04599801597660941 0.04498860056736107 0.0 0.10163768948293565 0.10256008632242121 0.040498442367601244 0.09970587723420178 0.1074331262291373 0.12177378652604466 0.038705859830487827 0.03983710123740406 0.10158547834107799 0.10014097008301572 0.1028907568875198 0.12017264484240937 0.11959832228197498 0.11949389999825963 0.11998120398893124 0.10651072938965175 0.11489931951478445 0.04817348022067909 0.049478758767120906 0.04956577733688369 0.04869559163925582 0.10188134147827146 0.10233383804103796 0.03971527523973616 0.11496893437059469
0.10285594945961468 0.1023164343270854 0.10102855949459615 0.10184653405036635 0.10043683322020919 0.1027689308898519 0.12330531335386971 0.12347935049339528 0.10182913033641379 0.12407107676778224 0.1014984597713152 0.03454637219582659 0.12434953619102317 0.12427992133521293 0.1260551001583738 0.12520231817469848 0.11970274456569031 0.10188134147827146 0.13270331888825077 0.0343375276283959 0.10167249691084078 0.11965053342383264 0.10409161315024626 0.10377834629910022 0.10163768948293565 0.0 0.03632155101898745 0.1020727823317496 0.037261351572425556 0.11777093231695644 0.1325640891766303 0.10184653405036635 0.10200316747593936 0.036634817870133486 0.0344593536260638 0.038636244974677596 0.13169390347900242 0.13017978036512992 0.13070189178370664 0.1308411214953271 0.11925024800292382 0.12544597017003428 0.10306479402704537 0.10200316747593936 0.10261229746427887 0.10240345289684818 0.036269339877129776 0.03536434675159679 0.10142884491550497 0.12534154788631893
0.10367392401538489 0.10344767573400164 0.10195095633408169 0.10301258288518769 0.10146365234341008 0.10372613515724255 0.12370559877477853 0.1240536730538297 0.102647104892184 0.12481943646774221 0.10259489375032632 0.03633895473294001 0.12485424389564734 0.12488905132355245 0.1266294227188082 0.12553298873979707 0.12059033397727074 0.10294296802937747 0.13320802659287492 0.03647818444456047 0.10256008632242121 0.12032927826798238 0.10473555056649089 0.10473555056649089 0.10256008632242121 0.03632155101898745 0.0 0.1028907568875198 0.03776605927704972 0.11817121773786526 0.1331732191649698 0.10221201204337005 0.1031344088828556 0.037417984997998574 0.036495588158513025 0.03914095267930176 0.13230303346734193 0.13082371778137455 0.13131102177204615 0.13145025148366662 0.1204511042656503 0.12598548530256357 0.10356950173166954 0.10316921631076072 0.10322142745261839 0.10322142745261839 0.037052507004994864 0.036565203014323255 0.10221201204337005 0.12577664073513287
0.041890739483805846 0.04176891348613794 0.040898727788510066 0.04255208061400303 0.03999373466297708 0.042082180337283975 0.11246279956142641 0.11409874867296681 0.041072764928035646 0.11479489723106912 0.04077690179084217 0.10048904436206686 0.11420317095668216 0.11448163037992308 0.11615238691936859 0.11495153065664213 0.10809446735933448 0.04150785777684958 0.12119946396561027 0.10212499347360726 0.041124976069893314 0.10852956020814841 0.04577176769522616 0.045006004281313634 0.040498442367601244 0.1020727823317496 0.1028907568875198 0.0 0.10000174037139525 0.10717207051984894 0.12147792338885118 0.041124976069893314 0.04020257923040777 0.10212499347360726 0.10026279608068361 0.10294296802937747 0.11952870742616474 0.11888477000992012 0.11857150315877409 0.11937207400059173 0.10659774795941454 0.11509076036826259 0.048747802781113486 0.049530969908978574 0.05000087018569763 0.05020971475312832 0.10210758975965471 0.1020727823317496 0.041264205781513776 0.1146730712334012
0.10071529264345011 0.10024539236673106 0.0984702135435702 0.1002279886527785 0.09819175412032928 0.10083711864111801 0.12039889312379262 0.1205729302633182 0.09986251065977479 0.12182599766790234 0.09953184009467621 0.03633895473294001 0.12158234567256652 0.12133869367723073 0.12321829478410692 0.1223307053725265 0.11690074661932856 0.0997406846621069 0.13017978036512992 0.0365477993003707 0.09970587723420178 0.11712699490071181 0.10195095633408169 0.10209018604570215 0.09970587723420178 0.037261351572425556 0.03776605927704972 0.10000174037139525 0.0 0.11493412694268958 0.12993612836979412 0.09987991437372735 0.09996693294349014 0.037940096416575295 0.03729615900033067 0.03896691553977619 0.12857863868149463 0.12734297499086306 0.12737778241876815 0.1281435458326807 0.11728362832628483 0.1223655128004316 0.10071529264345011 0.09986251065977479 0.10061087035973476 0.10012356636906315 0.03691327729337441 0.0380619224142432 0.09880088410866879 0.12274839450738788
0.10795523764771402 0.10807706364538193 0.10584938825945457 0.10812927478723959 0.1054665065524983 0.10877321220348422 0.06324509650359386 0.06390643763379106 0.10765937451052054 0.06515950503837518 0.10618005882455316 0.11625680920308394 0.0540211281087384 0.0633147113594041 0.06592526845228772 0.0639238413477436 0.0424824657581928 0.10757235594075776 0.08743625889764876 0.1175794914634783 0.10691101481056058 0.04350928488139369 0.10668476652917733 0.10588419568735968 0.1074331262291373 0.11777093231695644 0.11817121773786526 0.10717207051984894 0.11493412694268958 0.0 0.08747106632555388 0.10729389651751683 0.10727649280356429 0.11730103204023738 0.1165178649123723 0.11853669573086897 0.08562627264658278 0.08466906837919212 0.08498233523033816 0.0855740615047251 0.04366591830696671 0.05288988670182217 0.100680485215545 0.09923597695748272 0.1002279886527785 0.10106336692250126 0.11780573974486155 0.1177013174611462 0.10715466680589637 0.05316834612506309
0.12166936424232931 0.12234810908647906 0.12053812283541308 0.12264397222367253 0.11963312970988009 0.12297464278877113 0.0875406811813641 0.08910701543709428 0.12172157538418699 0.089629126855671 0.12020745227031449 0.13139804034180894 0.09269218051132111 0.08910701543709428 0.09182199481369324 0.0895073008580031 0.08853269287665988 0.12187820880976 0.033310708505195005 0.13216380375572148 0.12159974938651909 0.08886336344175848 0.12123427139351538 0.12078177483074888 0.12177378652604466 0.1325640891766303 0.1331732191649698 0.12147792338885118 0.12993612836979412 0.08747106632555388 0.0 0.12240032022833673 0.12092100454236934 0.132024574044101 0.13155467376738195 0.13273812631615586 0.031222262830888112 0.030856784837884406 0.027689308898518943 0.028455072312431474 0.09020344941610539 0.09326650307175552 0.11773612488905133 0.11695295776118624 0.11777093231695644 0.11874554029829966 0.13242485946500984 0.132772933744061 0.12125167510746794 0.0929880436485146
0.041490454062897024 0.04129901320941889 0.03934979724673245 0.04068988322107938 0.039489026958352914 0.04102055378617797 0.11282827755443012 0.11338519640091195 0.03910614525139665 0.11380288553577333 0.039680467811831044 0.10043683322020919 0.11390730781948868 0.11495153065664213 0.11662228719608765 0.11476008980316399 0.10842513792443308 0.03947162324440036 0.12173897909813955 0.10189874519222403 0.03901912668163386 0.10851215649419586 0.04394437773020762 0.04512783027898153 0.038705859830487827 0.10184653405036635 0.10221201204337005 0.041124976069893314 0.09987991437372735 0.10729389651751683 0.12240032022833673 0.0 0.03858403383281992 0.1016202857689831 0.10041942950625664 0.10202057118989193 0.12052071912146052 0.11959832228197498 0.11945909257035452 0.12008562627264659 0.10710245566403871 0.11437720809620773 0.048451939643920014 0.048295306218346996 0.049043665918306965 0.04838232478810978 0.101742111766651 0.10236864546894307 0.04006334951878731 0.11472528237525888
0.041821124627995615 0.042778328895386276 0.03971527523973616 0.041751509772185384 0.03985450495135662 0.04309159574653231 0.11225395499399572 0.11340260011486451 0.04041142379783846 0.11420317095668216 0.03959344924206826 0.1008023112132129 0.1143075932403975 0.11444682295201795 0.11629161663098905 0.11460345637759098 0.10795523764771402 0.040045945804834754 0.12095581197027445 0.10184653405036635 0.04098574635827285 0.1077637967942359 0.04636349396961312 0.04580657512313128 0.03983710123740406 0.10200316747593936 0.1031344088828556 0.04020257923040777 0.09996693294349014 0.10727649280356429 0.12092100454236934 0.03858403383281992 0.0 0.10177691919455611 0.10043683322020919 0.10332584973633373 0.11963312970988009 0.11857150315877409 0.11857150315877409 0.11881515515410988 0.10687620738265546 0.1146730712334012 0.04836492107415723 0.04918289562992743 0.05038375189265389 0.049269914199690214 0.10266450860613655 0.10322142745261839 0.03914095267930176 0.1144294192380654
0.10235124175499051 0.10229903061313285 0.10062827407368732 0.10196836004803425 0.1001061626551106 0.1021946083294175 0.12231330165857394 0.12276579822134043 0.10188134147827146 0.1238796359143041 0.10158547834107799 0.03532953932369168 0.1240536730538297 0.123844828486399 0.12530674045841383 0.12462799561426409 0.11898919229363546 0.10165509319688822 0.13240745575105728 0.03536434675159679 0.1014114412015524 0.11956351485406985 0.10348248316190675 0.10372613515724255 0.10158547834107799 0.036634817870133486 0.037417984997998574 0.10212499347360726 0.037940096416575295 0.11730103204023738 0.132024574044101 0.1016202857689831 0.10177691919455611 0.0 0.035938669312031185 0.037818270418907396 0.13118919577437826 0.12946622809307506 0.13023199150698758 0.1305104509302285 0.11947649628430707 0.12494126246541012 0.10242085661080075 0.10195095633408169 0.10214239718755982 0.10200316747593936 0.037261351572425556 0.036425973302702794 0.10081971492716546 0.12497606989331524
0.10122000034807428 0.10061087035973476 0.09942741781096086 0.10066308150159244 0.09890530639238414 0.1014114412015524 0.12222628308881116 0.12274839450738788 0.10054125550392454 0.12344454306549017 0.10045423693416175 0.03559059503298004 0.12365338763292087 0.1232705059259646 0.1251501070328408 0.1240884804817348 0.11851929201691641 0.1005586592178771 0.131867940618528 0.03531213560973912 0.1001061626551106 0.11902399972154058 0.10196836004803425 0.1023164343270854 0.10014097008301572 0.0344593536260638 0.036495588158513025 0.10026279608068361 0.03729615900033067 0.1165178649123723 0.13155467376738195 0.10041942950625664 0.10043683322020919 0.035938669312031185 0.0 0.037940096416575295 0.1307192954976592 0.12917036495588158 0.12955324666283785 0.12955324666283785 0.1189369811517778 0.12443655476078595 0.10108077063645382 0.10102855949459615 0.10118519292016917 0.10076750378530779 0.03546876903531213 0.035712421030647944 0.09982770323186968 0.12447136218869106
0.10400459458048347 0.10294296802937747 0.10168990062479333 0.10275152717589933 0.10109817435040638 0.10336065716423885 0.12382742477244645 0.1237230024887311 0.10262970117823143 0.12518491446074592 0.102647104892184 0.03743538871195113 0.12518491446074592 0.124906455037505 0.12671644128857099 0.12575923702118033 0.12067735254703353 0.10268191232008911 0.1328425485998712 0.0385144189770097 0.1021946083294175 0.12003341513078891 0.10461372456882298 0.10457891714091787 0.1028907568875198 0.038636244974677596 0.03914095267930176 0.10294296802937747 0.03896691553977619 0.11853669573086897 0.13273812631615586 0.10202057118989193 0.10332584973633373 0.037818270418907396 0.037940096416575295 0.0 0.13183313319062287 0.13052785464418107 0.13063227692789642 0.13118919577437826 0.12053812283541308 0.12655980786299798 0.10344767573400164 0.10311700516890304 0.10327363859447607 0.10296037174333003 0.03950643067230547 0.03821855583981622 0.10188134147827146 0.1264205781513775
0.11989418541916845 0.12095581197027445 0.11855409944482152 0.12086879340051167 0.1180319880262448 0.12099061939817957 0.08593953949772881 0.0872970291860283 0.11994639656102613 0.08771471832088967 0.11895438486573034 0.13028420264884527 0.09140430567883186 0.08712299204650273 0.09025566055796307 0.08797577403017803 0.08689674376511948 0.1204511042656503 0.029342661724011905 0.13118919577437826 0.1197897631354531 0.08674011033954646 0.11959832228197498 0.11959832228197498 0.12017264484240937 0.13169390347900242 0.13230303346734193 0.11952870742616474 0.12857863868149463 0.08562627264658278 0.031222262830888112 0.12052071912146052 0.11963312970988009 0.13118919577437826 0.1307192954976592 0.13183313319062287 0.0 0.028872761447292852 0.028559494596146817 0.030021406568161647 0.08797577403017803 0.09142170939278442 0.1165178649123723 0.11559546807288676 0.11634382777284673 0.11690074661932856 0.13151986633947685 0.1316590960510973 0.1190936145773508 0.09145651682068953
0.1194242851424494 0.12006822255869402 0.11766651003324109 0.11987678170521589 0.11707478375885413 0.12038148940984006 0.08581771350006091 0.08724481804417063 0.11912842200525592 0.08828904088132407 0.11806679545414991 0.12880488696287787 0.09086479054630259 0.08721001061626552 0.08989018256495936 0.08757548860926921 0.08621799892096974 0.11914582571920848 0.029325258010059346 0.12970988008841086 0.11876294401225221 0.08633982491863763 0.11874554029829966 0.11864111801458431 0.11959832228197498 0.13017978036512992 0.13082371778137455 0.11888477000992012 0.12734297499086306 0.08466906837919212 0.030856784837884406 0.11959832228197498 0.11857150315877409 0.12946622809307506 0.12917036495588158 0.13052785464418107 0.028872761447292852 0.0 0.029725543430968168 0.02902939487286587 0.08771471832088967 0.09070815712072956 0.11535181607755095 0.11422057467063472 0.11576950521241233 0.11622200177517883 0.13021458779303505 0.1301101655093197 0.11824083259367549 0.09077777197653979
0.11935467028663917 0.11996380027497867 0.11777093231695644 0.1196679371377852 0.11703997633094902 0.12041629683774517 0.08466906837919212 0.08661828434187856 0.1190588071494457 0.08755808489531666 0.11747506917976296 0.12936180580935971 0.09016864198820028 0.08627021006282741 0.0895073008580031 0.08691414747907203 0.08642684348840042 0.1194242851424494 0.030856784837884406 0.1304756435023234 0.11855409944482152 0.08592213578377626 0.1190588071494457 0.1186063105866792 0.11949389999825963 0.13070189178370664 0.13131102177204615 0.11857150315877409 0.12737778241876815 0.08498233523033816 0.027689308898518943 0.11945909257035452 0.11857150315877409 0.13023199150698758 0.12955324666283785 0.13063227692789642 0.028559494596146817 0.029725543430968168 0.0 0.02523538523120834 0.08771471832088967 0.09063854226491934 0.11535181607755095 0.11481230094502166 0.11489931951478445 0.11576950521241233 0.1305626620720862 0.13063227692789642 0.11862371430063176 0.09063854226491934
0.12001601141683635 0.12031187455402984 0.11853669573086897 0.12043370055169773 0.11784054717276667 0.12107763796794235 0.08592213578377626 0.08766250717903201 0.11951130371221219 0.0883586557371343 0.11817121773786526 0.12967507266050576 0.090690753406777 0.08727962547207574 0.09055152369515655 0.08771471832088967 0.0868097251953567 0.11984197427731078 0.031866200247132735 0.13040602864651316 0.11931986285873405 0.08700116604883482 0.11947649628430707 0.11895438486573034 0.11998120398893124 0.1308411214953271 0.13145025148366662 0.11937207400059173 0.1281435458326807 0.0855740615047251 0.028455072312431474 0.12008562627264659 0.11881515515410988 0.1305104509302285 0.12955324666283785 0.13118919577437826 0.030021406568161647 0.02902939487286587 0.02523538523120834 0.0 0.08809760002784595 0.09133469082302163 0.11580431264031744 0.11536921979150351 0.11573469778450722 0.11674411319375555 0.13091073635113734 0.1310151586348527 0.1191806331471136 0.09119546111140117
