0.0 0.08750788031618253 0.22300082440230834 0.0889384607923961 0.09089035449299258 0.09349692061490714 0.09304834877067067 0.08970224528393385 0.08804131710392318 0.08879297803210319 0.15621211386450706 0.09382425682556617 0.15623636099122254 0.10106202415013821 0.10211677416226177 0.09944959022355851 0.1619829300227923 0.22531642500363708 0.2314267009359391 0.2248678531594006 0.09590950972309781 0.11609524271373842 0.09822511032442656 0.09183599243489647 0.09070850104262645 0.09452742350031522 0.0937151447553465 0.0952184666117065 0.09460016488046166 0.09366665050191553 0.09355753843169584 0.09986179137772173 0.10057708161582853 0.1013166189806508 0.09667329421463557 0.08845351825808642 0.088332282624509 0.08875660734202998 0.08879297803210319 0.08828378837107803 0.09171475680131905 0.0926240240531497 0.08804131710392318 0.15514524028902574 0.15793365986130645 0.08836865331458223 0.1554725764996848 0.15563018282333543 0.09011444643809709 0.15803064836816838 0.15496338683865962 0.08861112458173706 0.1033897483148247 0.09780078560690558 0.09981329712429077 0.218927307114107 0.1539207603898938 0.08897483148246933 0.1573153581300616 0.09908588332282625 0.09977692643421754 0.2175573444546821 0.22021240483002763 0.09771592066340139 0.21680568352650212 0.21969109160564473 0.22124290771543573 0.22073371805441055 0.2179210513554144 0.09761893215653945 0.09422433441637167 0.21926676688812377 0.22218854565733961 0.21944862033848989 0.2222734106008438 0.08767761020319093
0.08750788031618253 0.0 0.22312206003588575 0.0892294263129819 0.08929004412977062 0.09019931138160128 0.09096309587313903 0.0862591532903351 0.08634401823383929 0.0903205470151787 0.15284176325105475 0.0919329809417584 0.15330245865864894 0.09727947238252267 0.09772804422675913 0.09622472237039911 0.15839435526890064 0.2220430628970467 0.22837156296978808 0.22278260026186897 0.09241792347606809 0.11454342660394744 0.09626109306047233 0.09067213035255323 0.09087823092963483 0.09035691770525192 0.08888996653896514 0.08918093205955094 0.09166626254788808 0.09274525968672712 0.09154502691431066 0.09799476262062945 0.09679452984821299 0.09857669366180108 0.09458804131710392 0.08658648950099414 0.08394355268900636 0.08657436593763639 0.08534988603850444 0.08687745502157994 0.09021143494495902 0.09107220794335871 0.08515590902478057 0.15238106784346056 0.15449056786770768 0.08667135444449833 0.15217496726637894 0.15228407933659863 0.08781096940012609 0.15313272877164055 0.1526841569274041 0.08735027399253188 0.09951020804034721 0.09748557295960429 0.09666117065127783 0.21577518064109402 0.1498957373551234 0.088708113088599 0.1542117259104796 0.09690364191843266 0.0949275010911207 0.2157630570777363 0.21645410018912759 0.09458804131710392 0.2148174191358324 0.21811502836913826 0.2197153387323602 0.21779981572183696 0.2158842927113137 0.09577615052616265 0.0927937539401581 0.21703603123029921 0.22027302264681636 0.21777556859512148 0.22052761747732894 0.08641675961398575
0.22300082440230834 0.22312206003588575 0.0 0.22501333591969352 0.22446777556859512 0.226540904902769 0.22793511468890937 0.2244920226953106 0.22314630716260123 0.22464962901896127 0.23069928713447457 0.22599534455167064 0.23123272392221522 0.2293535716017652 0.2258741089180932 0.2257286261578003 0.23513651132340818 0.16207991852965423 0.1673657921536298 0.1655836283400417 0.22451626982202608 0.23560933029436013 0.22309781290917027 0.2210974249551428 0.2203093933368896 0.21983657436593765 0.22220066922069734 0.2227583531351535 0.22240676979777896 0.22169147955967217 0.2225280054313564 0.22512244798991318 0.22508607729983998 0.22582561466466225 0.22171572668638767 0.2225886232481451 0.22232190485427478 0.22056398816740216 0.22285534164201543 0.22309781290917027 0.2218733330100383 0.2205518646040444 0.2253285485669948 0.2298748848261481 0.23343921245332427 0.2235948790068377 0.2314873187527278 0.22980214344600164 0.22223703991077057 0.23033558023374232 0.22959604286892002 0.2229887008389506 0.22925658309490327 0.22521943649677514 0.22507395373648223 0.16121914553125455 0.23189951990689103 0.22715920663401387 0.231196353232142 0.22182483875660733 0.22064885311090635 0.15359342417923477 0.15045342126957956 0.22200669220697347 0.15165365404199602 0.15179913680228893 0.15732748169341934 0.15453906212113863 0.1525992919838999 0.2238009795839193 0.22171572668638767 0.15396925464332475 0.1543208379806993 0.15364191843266573 0.15627273168129577 0.22193395082682701
0.0889384607923961 0.0892294263129819 0.22501333591969352 0.0 0.08955676252364095 0.09204209301197808 0.09142379128073323 0.08795645216041899 0.08830803549779351 0.09002958149459289 0.15778817710101353 0.09047815333882935 0.15672130352553224 0.10195916783861113 0.10335337762475147 0.1034503661316134 0.16079482081373359 0.22521943649677514 0.23193589059696426 0.22576499684787352 0.10020125115173852 0.11861694389214877 0.10300179428737695 0.09610348673682169 0.09536394937199942 0.09770379710004365 0.0917026332379613 0.0949275010911207 0.0946971533873236 0.09718248387566074 0.09695213617186363 0.10112264196692691 0.1042868920032976 0.10260171669657146 0.09856457009844334 0.09010232287473935 0.08641675961398575 0.0906963774792687 0.08952039183356772 0.08852625963823287 0.09595800397652877 0.09490325396440522 0.08733815042917414 0.1557029242034819 0.15727898743998836 0.0896295039037874 0.156684932835459 0.15579991271034382 0.08807768779399641 0.15550894718975802 0.15525435235924542 0.08485281994083702 0.10639639202754474 0.10265021095000243 0.1011711362203579 0.2207458416177683 0.15396925464332475 0.09200572232190485 0.1575820765239319 0.10272295233014887 0.10193492071189564 0.21918190194461956 0.22018815770331215 0.10040735172882014 0.21733912031424277 0.2215823674894525 0.22429804568158673 0.22056398816740216 0.21918190194461956 0.10009213908151884 0.09817661607099559 0.2196547209155715 0.2226492410649338 0.22133989622229766 0.22384947383735027 0.08518015615149604
0.09089035449299258 0.08929004412977062 0.22446777556859512 0.08955676252364095 0.0 0.0899447165510887 0.09347267348819165 0.08821104699093157 0.08674409582464478 0.08868386596188352 0.15850346733912032 0.09073274816934193 0.15748508801706998 0.10774210756025411 0.10513554143833956 0.10632365064739828 0.16172833519227972 0.22651665777605354 0.23158430725958973 0.2248072353426119 0.10103777702342273 0.12212065370253625 0.10546287764899859 0.09718248387566074 0.09734009019931138 0.09946171378691625 0.09724310169244944 0.09617622811696815 0.09686727122835943 0.09804325687406043 0.09841908733815043 0.10460210465059891 0.10643276271761797 0.10593569661995053 0.10168032588138305 0.09064788322583774 0.08863537170845255 0.08901120217254255 0.08827166480772028 0.0881019349207119 0.09832209883128849 0.09758256146646622 0.0862591532903351 0.1560787546675719 0.15974007080161 0.08760486882304447 0.15803064836816838 0.15542408224625381 0.08787158721691479 0.15678192134232094 0.15693952766597158 0.08627127685369283 0.10832403860142573 0.1058387081130886 0.10469909315746084 0.2173148731875273 0.15422384947383735 0.0884777653848019 0.15873381504291742 0.10726928858930217 0.10480820522768051 0.2185636002133747 0.22046699966054023 0.10226225692255468 0.2174967266378934 0.2210368071383541 0.22098831288492313 0.22067310023762185 0.2184423645797973 0.10194704427525338 0.10121963047378886 0.21908491343775763 0.22086707725134572 0.2203093933368896 0.22194607439018477 0.08577421075602541
0.09349692061490714 0.09019931138160128 0.226540904902769 0.09204209301197808 0.0899447165510887 0.0 0.09256340623636099 0.08657436593763639 0.09019931138160128 0.08915668493283546 0.15975219436496776 0.09161776829445711 0.15866107366277096 0.10775423112361185 0.10655399835119539 0.10682071674506571 0.16297706221812716 0.22597109742495514 0.2323480917511275 0.226540904902769 0.1036200960186218 0.12329663934823723 0.104456621890306 0.09818873963435333 0.09694001260850589 0.09964356723728238 0.09810387469084914 0.09861306435187431 0.09911013044954173 0.10038310460210464 0.10044372241889336 0.10740264778623733 0.1056932253527957 0.10834828572814122 0.10256534600649823 0.09102371368992775 0.08670772513457155 0.08919305562290869 0.0870956791620193 0.08779884583676835 0.09852819940837011 0.09713398962222977 0.0898598516075845 0.15662431501867027 0.15931574608408902 0.0899447165510887 0.15748508801706998 0.1575214587071432 0.09181174530818098 0.15909752194364968 0.15770331215750932 0.08941127976334805 0.10896658745938606 0.10854226274186508 0.106384268464187 0.22157024392609476 0.1574608408903545 0.09091460161970806 0.15910964550700743 0.10657824547791087 0.10443237476359052 0.2192788904514815 0.22009116919645022 0.10462635177731439 0.21855147665001698 0.22291595945880413 0.2226492410649338 0.22022452839338538 0.21920614907133504 0.10532951845206343 0.10086804713641434 0.22098831288492313 0.22218854565733961 0.22051549391397118 0.22278260026186897 0.08901120217254255
0.09304834877067067 0.09096309587313903 0.22793511468890937 0.09142379128073323 0.09347267348819165 0.09256340623636099 0.0 0.09012657000145483 0.0914722855341642 0.09261190048979195 0.16032200184278164 0.09318170796760585 0.15923088114058484 0.10732990640609087 0.10765724261674992 0.10588720236651956 0.16087968575723777 0.22755928422481936 0.23497890499975752 0.22858978711022743 0.10307453566752339 0.12243586634983754 0.10480820522768051 0.0976916735366859 0.09615198099025266 0.0987827942388827 0.0976068085931817 0.09782503273362106 0.0997041850540711 0.09913437757625722 0.09747344939624654 0.10489307017118471 0.10524465350855923 0.10482032879103827 0.10216526841569273 0.0921027108287668 0.08924154987633966 0.08801706997720771 0.08953251539692546 0.08955676252364095 0.09655205858105814 0.09797051549391397 0.09106008438000097 0.15680616846903642 0.15823674894525 0.09075699529605742 0.15853983802919355 0.1576305707773629 0.09133892633722904 0.15923088114058484 0.1582731196353232 0.0891081906794045 0.10900295814945929 0.10627515639396731 0.10746326560302605 0.22284321807865767 0.15635759662479995 0.09441831143009553 0.15900053343678774 0.10620241501382086 0.10492944086125794 0.21970321516900249 0.22349789049997576 0.104080791426216 0.22064885311090635 0.22501333591969352 0.22423742786479803 0.22300082440230834 0.22115804277193152 0.10398380291935405 0.10121963047378886 0.2219218272634693 0.2244314048785219 0.22367974395034187 0.22582561466466225 0.08958100965035644
0.08970224528393385 0.0862591532903351 0.2244920226953106 0.08795645216041899 0.08821104699093157 0.08657436593763639 0.09012657000145483 0.0 0.08451336016682023 0.08659861306435188 0.1545269385577809 0.08850201251151739 0.15474516269822025 0.10415353280636244 0.10118325978371563 0.10026186896852723 0.15843072595897387 0.22469812327239222 0.2305901750642549 0.22417681004800932 0.09871005285873624 0.11875030308908395 0.10061345230590175 0.09434557004994908 0.09435769361330683 0.09577615052616265 0.09127830852044033 0.09205421657533583 0.09415159303622521 0.09523059017506426 0.09470927695068135 0.102153144852335 0.10126812472721983 0.1020076620920421 0.0980917511274914 0.08645313030405898 0.08616216478347316 0.08542262741865089 0.08650162455748994 0.0868653314582222 0.09436981717666457 0.09433344648659134 0.08647737743077445 0.15304786382813637 0.1549876339653751 0.08665923088114058 0.15228407933659863 0.1531448523349983 0.08857475389166383 0.15457543281121186 0.15313272877164055 0.08527714465835798 0.10231075117598565 0.10375345521555696 0.10164395519130982 0.21736336744095824 0.15160515978856506 0.08952039183356772 0.15390863682653605 0.10174094369817177 0.10005576839144562 0.21635711168226565 0.21840599388972406 0.09879491780224044 0.21381116337713982 0.21948499102856311 0.22035788759032054 0.21975170942243344 0.2182726346927889 0.10046796954560884 0.09658842927113137 0.21840599388972406 0.22067310023762185 0.22018815770331215 0.2205397410406867 0.08589544638960284
0.08804131710392318 0.08634401823383929 0.22314630716260123 0.08830803549779351 0.08674409582464478 0.09019931138160128 0.0914722855341642 0.08451336016682023 0.0 0.08646525386741671 0.15626060811793802 0.08657436593763639 0.1555331943164735 0.1056932253527957 0.10240773968284758 0.10342611900489793 0.16079482081373359 0.22429804568158673 0.2301900974734494 0.22406769797778964 0.09789777411376752 0.11961107608748363 0.1019834149653266 0.0945516706270307 0.09373939188206197 0.09484263614761651 0.09356966199505358 0.09529120799185296 0.0945516706270307 0.09546093787886135 0.09450317637359973 0.10223800979583919 0.10501430580476213 0.10175306726152951 0.09921924251976141 0.08728965617574318 0.08377382280199797 0.08781096940012609 0.08593181707967606 0.0866349837544251 0.09450317637359973 0.09395761602250133 0.08355559866155861 0.1543208379806993 0.15744871732699675 0.08368895785849377 0.1559090247805635 0.1555331943164735 0.08463459580039766 0.15592114834392123 0.15518161097909897 0.08296154405702924 0.10511129431162407 0.10357160176519083 0.10211677416226177 0.2179574220454876 0.15333882934872217 0.08339799233790796 0.15704863973619126 0.10325638911788954 0.10166820231802531 0.21741186169438922 0.21958197953542505 0.09997090344794142 0.21445371223510015 0.21920614907133504 0.21964259735221375 0.21923039619805054 0.21765433296154404 0.10033461034867368 0.09686727122835943 0.21589641627467146 0.21983657436593765 0.21920614907133504 0.2218127151932496 0.082173512438776
0.08879297803210319 0.0903205470151787 0.22464962901896127 0.09002958149459289 0.08868386596188352 0.08915668493283546 0.09261190048979195 0.08659861306435188 0.08646525386741671 0.0 0.15587265409049028 0.09001745793123515 0.15548470006304252 0.10142573105087047 0.10318364773774308 0.10107414771349595 0.15900053343678774 0.2243707870617332 0.23288152853886815 0.22452839338538383 0.09862518791523205 0.11755007031666748 0.09849182871829688 0.09506086028805587 0.09405460452936328 0.09581252121623587 0.09344842636147617 0.09504873672469813 0.09542456718878813 0.09555792638572329 0.0960792396101062 0.101777314388245 0.10021337471509627 0.102528975316425 0.09822511032442656 0.0893991561999903 0.08527714465835798 0.08822317055428931 0.0875563745696135 0.08714417341545026 0.0934847970515494 0.09592163328645556 0.0869501964017264 0.15466029775471607 0.156309102371369 0.08676834295136027 0.154381455797488 0.1536661655593812 0.08727753261238544 0.15514524028902574 0.15379952475631636 0.08725328548566995 0.1041414092430047 0.1033048833713205 0.10119538334707337 0.21662383007613598 0.15295087532127444 0.08987197517094224 0.15561805925997768 0.10121963047378886 0.10098928276999175 0.21738761456767372 0.21946074390184764 0.09790989767712525 0.21522962028999565 0.22068522380097957 0.2221642985306241 0.2197638329857912 0.21721788468066533 0.09943746666020077 0.09757043790310849 0.21861209446680568 0.2207822123078415 0.21940012608505893 0.2227583531351535 0.08532563891178896
0.15621211386450706 0.15284176325105475 0.23069928713447457 0.15778817710101353 0.15850346733912032 0.15975219436496776 0.16032200184278164 0.1545269385577809 0.15626060811793802 0.15587265409049028 0.0 0.15889142136656806 0.09051452402890257 0.16251636681053294 0.16034624896949712 0.16318316279520878 0.08956888608699869 0.23345133601668203 0.23740361767130594 0.2329300227922991 0.15797003055137965 0.17325784394549246 0.1595339702245284 0.15503612821880608 0.15371465981281218 0.1548663983317977 0.1564545851316619 0.15744871732699675 0.15506037534552156 0.1555331943164735 0.1557635420202706 0.1606857087435139 0.16161922312206004 0.16165559381213326 0.1564545851316619 0.15655157363852384 0.15145967702827215 0.15510886959895254 0.15710925755297997 0.15466029775471607 0.1540419960234712 0.1554119586828961 0.15895203918335676 0.09199359875854711 0.09313321371417486 0.15598176616070997 0.09074487173269967 0.0915571504776684 0.1570243926094758 0.09107220794335871 0.08880510159546094 0.15661219145531255 0.16387420590660007 0.1579215362979487 0.15981281218175647 0.22837156296978808 0.09227244071577519 0.15874593860627514 0.09106008438000097 0.15719412249648418 0.1587580621696329 0.22479511177925415 0.22936569516512292 0.15723049318655738 0.2242616749915135 0.22898986470103294 0.23015372678337617 0.22865040492701616 0.22668638766306193 0.1581518840017458 0.15577566558362835 0.22808059744920228 0.22860191067358518 0.22801997963241355 0.23033558023374232 0.15543620580961157
0.09382425682556617 0.0919329809417584 0.22599534455167064 0.09047815333882935 0.09073274816934193 0.09161776829445711 0.09318170796760585 0.08850201251151739 0.08657436593763639 0.09001745793123515 0.15889142136656806 0.0 0.15789728917123322 0.11016682023180253 0.10763299549003442 0.10775423112361185 0.16119489840453907 0.2245768876388148 0.23236021531448522 0.22471024683574997 0.10392318510256535 0.12384219969933563 0.10565685466272247 0.0995344551670627 0.09855244653508559 0.10120750691043111 0.09860094078851656 0.09942534309684302 0.09997090344794142 0.10138936036079725 0.10079530575626788 0.10806944377091314 0.10854226274186508 0.10911207021967897 0.10393530866592308 0.09241792347606809 0.09006595218466612 0.08988409873429999 0.08938703263663256 0.08989622229765773 0.09904951263275302 0.09986179137772173 0.0859439406430338 0.15561805925997768 0.1595945880413171 0.08656224237427865 0.157812424227729 0.15695165122932933 0.08758062169632899 0.15935211677416225 0.15672130352553224 0.08518015615149604 0.10861500412201154 0.1081421851510596 0.10666311042141506 0.21932738470491248 0.15538771155618059 0.08658648950099414 0.15955821735124387 0.10865137481208477 0.10553561902914504 0.2187575772270986 0.22012753988652345 0.10475971097424955 0.21635711168226565 0.2213520197856554 0.22190970370011154 0.22047912322389795 0.21924251976140827 0.10306241210416565 0.10201978565539983 0.21906066631104215 0.2227583531351535 0.22045487609718248 0.2237403617671306 0.08550749236215509
0.15623636099122254 0.15330245865864894 0.23123272392221522 0.15672130352553224 0.15748508801706998 0.15866107366277096 0.15923088114058484 0.15474516269822025 0.1555331943164735 0.15548470006304252 0.09051452402890257 0.15789728917123322 0.0 0.1610372920808884 0.15855196159255128 0.1620677949662965 0.09104796081664322 0.23160855438630523 0.2373308762911595 0.23183890209010233 0.15777605353765578 0.17265166577760535 0.15870956791620194 0.15433296154405704 0.15434508510741476 0.155933271907279 0.15449056786770768 0.1550724989088793 0.1549876339653751 0.15449056786770768 0.15610300179428738 0.15949759953445516 0.16072207943358713 0.1611464041511081 0.15579991271034382 0.15589690121720576 0.15175064254885795 0.15455118568449638 0.1540298724601135 0.15390863682653605 0.15355705348916154 0.15436933223413027 0.15795790698802192 0.08942340332670579 0.09344842636147617 0.15319334658842926 0.09341205567140294 0.09007807574802386 0.15554531787983125 0.09189661025168518 0.09190873381504291 0.1562484845545803 0.16477134959507297 0.1591338926337229 0.1603704960962126 0.2286382813636584 0.08936278550991708 0.15787304204451771 0.09176325105475001 0.15872169147955967 0.15909752194364968 0.2254982784540032 0.22749866640803065 0.1592430047039426 0.2224431404878522 0.22726831870423356 0.22962028999563552 0.2261287037486058 0.22680762329663934 0.15810338974831484 0.15652732651180834 0.22606808593181707 0.22777750836525873 0.22712283594394064 0.22965666068570875 0.15405411958682896
0.10106202415013821 0.09727947238252267 0.2293535716017652 0.10195916783861113 0.10774210756025411 0.10775423112361185 0.10732990640609087 0.10415353280636244 0.1056932253527957 0.10142573105087047 0.16251636681053294 0.11016682023180253 0.1610372920808884 0.0 0.08039134862518792 0.0845618544202512 0.16637165995829495 0.23089326414819844 0.2347970515493914 0.23032345667038456 0.0808762911594976 0.10181368507831821 0.08382231705542893 0.08664710731778284 0.08554386305222832 0.08713204985209252 0.08721691479559672 0.08823529411764706 0.08800494641384995 0.08821104699093157 0.08691382571165317 0.08245235439600407 0.083725328548567 0.08439212453324281 0.08185829979147471 0.099849667814364 0.09965569080064013 0.10046796954560884 0.10004364482808788 0.10064982299597498 0.08669560157121381 0.08879297803210319 0.10532951845206343 0.16111003346103486 0.162419378303671 0.10526890063527472 0.1620677949662965 0.1615222346151981 0.10572959604286893 0.1619829300227923 0.16104941564424616 0.10492944086125794 0.08610154696668444 0.08478007856069056 0.08247660152271956 0.22115804277193152 0.16070995587022938 0.10890596964259736 0.1633043984287862 0.08366471073177828 0.083725328548567 0.22211580427719316 0.22508607729983998 0.08173706415789729 0.22124290771543573 0.22589835604480868 0.2257043790310848 0.22589835604480868 0.22308568934581252 0.08459822511032443 0.08287667911352505 0.2247466175258232 0.22696522962029 0.22456476407545706 0.22712283594394064 0.10503855293147762
0.10211677416226177 0.09772804422675913 0.2258741089180932 0.10335337762475147 0.10513554143833956 0.10655399835119539 0.10765724261674992 0.10118325978371563 0.10240773968284758 0.10318364773774308 0.16034624896949712 0.10763299549003442 0.15855196159255128 0.08039134862518792 0.0 0.08559235730565928 0.16340138693564812 0.2253285485669948 0.23051743368410843 0.22524368362349062 0.07965181126036565 0.10049221667232433 0.0824038601425731 0.08471946074390185 0.08436787740652732 0.08585907569952961 0.08419814751951894 0.08708355559866156 0.08566509868580573 0.08531351534843121 0.08627127685369283 0.0806459434557005 0.08383444061878667 0.08120362737015664 0.08065806701905824 0.09889190630910237 0.09843121090150816 0.10006789195480335 0.09799476262062945 0.10061345230590175 0.08532563891178896 0.08674409582464478 0.1012923718539353 0.15736385238349257 0.15935211677416225 0.10295330003394598 0.15897628631007227 0.1576305707773629 0.10586295523980409 0.15961883516803257 0.15803064836816838 0.10210465059890403 0.0781121187139324 0.07742107560254109 0.07628146064691334 0.216951166286795 0.157812424227729 0.10654187478783764 0.16055234954657874 0.07691188594151593 0.07495999224091945 0.2178361864119102 0.2209761893215654 0.0787182968818195 0.21756946801803986 0.22195819795354252 0.22207943358711993 0.22077008874448378 0.21771495077833278 0.08048833713204985 0.07896076814897435 0.22000630425294604 0.22307356578245477 0.22127927840550896 0.22277047669851122 0.1028441879637263
0.09944959022355851 0.09622472237039911 0.2257286261578003 0.1034503661316134 0.10632365064739828 0.10682071674506571 0.10588720236651956 0.10026186896852723 0.10342611900489793 0.10107414771349595 0.16318316279520878 0.10775423112361185 0.1620677949662965 0.0845618544202512 0.08559235730565928 0.0 0.16568061684690363 0.2278017554919742 0.23289365210222587 0.2266500169729887 0.07882740895203919 0.09998302701129916 0.07966393482372339 0.08452548373017797 0.0860894234033267 0.08750788031618253 0.0877867222734106 0.08737452111924737 0.0869501964017264 0.08739876824596285 0.08731390330245865 0.08030648368168372 0.07930022792299113 0.08239173657921536 0.08039134862518792 0.09840696377479269 0.09738858445274234 0.09827360457785753 0.0968551476650017 0.09767954997332816 0.0874108918093206 0.08851413607487513 0.10332913049803598 0.16000678919548034 0.16303768003491587 0.10537801270549439 0.16205567140293875 0.16049173172979003 0.1035352310751176 0.1611464041511081 0.15989767712526065 0.10285631152708404 0.08623490616361962 0.08435575384316958 0.0840162940691528 0.217751321468406 0.1602613840259929 0.10772998399689637 0.16161922312206004 0.08374957567528248 0.08267057853644343 0.2201154163231657 0.2243222928083022 0.08206440036855632 0.2179816691722031 0.223534261190049 0.2227583531351535 0.22404345085107416 0.22018815770331215 0.08349498084476989 0.08036710149847243 0.22226128703748607 0.22464962901896127 0.22224916347412832 0.22495271810290482 0.10218951554240822
0.1619829300227923 0.15839435526890064 0.23513651132340818 0.16079482081373359 0.16172833519227972 0.16297706221812716 0.16087968575723777 0.15843072595897387 0.16079482081373359 0.15900053343678774 0.08956888608699869 0.16119489840453907 0.09104796081664322 0.16637165995829495 0.16340138693564812 0.16568061684690363 0.0 0.2365792153629795 0.24327142233645313 0.2366398331797682 0.16226177198002037 0.17716163134668542 0.16300130934484264 0.1597643179283255 0.15912176907036515 0.16041899034964358 0.1602856311527084 0.1606250909267252 0.1593036225207313 0.16111003346103486 0.16075845012366036 0.16517142718587846 0.1664201542117259 0.16655351340866106 0.16072207943358713 0.15914601619708066 0.15364191843266573 0.15845497308568934 0.16118277484118132 0.15749721158042773 0.15826099607196548 0.15960671160467485 0.16203142427622327 0.09199359875854711 0.09010232287473935 0.15932786964744677 0.0920784637020513 0.09022355850831676 0.16022501333591968 0.09218757577227099 0.08897483148246933 0.16063721449008292 0.16777799330779303 0.16485621453857718 0.16517142718587846 0.23283303428543717 0.09047815333882935 0.16294069152805393 0.09045390621211387 0.16231026623345132 0.1627588380776878 0.2302992095436691 0.2328087871587217 0.16326802773871296 0.22775326123854323 0.2319722612870375 0.23359681877697494 0.23277241646864846 0.23022646816352263 0.16224964841666262 0.16217690703651616 0.22917171815139906 0.231147858978711 0.23170554289316717 0.23516075845012366 0.15856408515590903
0.22531642500363708 0.2220430628970467 0.16207991852965423 0.22521943649677514 0.22651665777605354 0.22597109742495514 0.22755928422481936 0.22469812327239222 0.22429804568158673 0.2243707870617332 0.23345133601668203 0.2245768876388148 0.23160855438630523 0.23089326414819844 0.2253285485669948 0.2278017554919742 0.2365792153629795 0.0 0.13985742689491296 0.13237718830318607 0.2248678531594006 0.23836137917656758 0.22458901120217253 0.22152174967266378 0.2218733330100383 0.22161873817952574 0.2215823674894525 0.22301294796566606 0.22312206003588575 0.22167935599631444 0.2222734106008438 0.22666214053634645 0.22829882158964163 0.2265893991562 0.22376460889384608 0.2243222928083022 0.2217278502497454 0.22067310023762185 0.222358275544348 0.22279472382522672 0.22295233014887736 0.22199456864361572 0.22502545948305125 0.23105087047184908 0.232748169341933 0.22450414625866835 0.23164492507637846 0.2305416808108239 0.22217642209398186 0.23262693370835555 0.2332452354396004 0.2244314048785219 0.22963241355899325 0.2267348819164929 0.22576499684787352 0.16324378061199749 0.2327602929052907 0.22799573250569807 0.23196013772367974 0.22370399107705738 0.22383735027399254 0.15675767421560546 0.1556544299500509 0.22478298821589643 0.15525435235924542 0.15476940982493576 0.1573153581300616 0.1540419960234712 0.1525386741671112 0.2231341835992435 0.22289171233208865 0.15609087823092962 0.15612724892100285 0.1545269385577809 0.15361767130595025 0.2226492410649338
0.2314267009359391 0.22837156296978808 0.1673657921536298 0.23193589059696426 0.23158430725958973 0.2323480917511275 0.23497890499975752 0.2305901750642549 0.2301900974734494 0.23288152853886815 0.23740361767130594 0.23236021531448522 0.2373308762911595 0.2347970515493914 0.23051743368410843 0.23289365210222587 0.24327142233645313 0.13985742689491296 0.0 0.1371053780127055 0.23139033024586586 0.24405945395470638 0.22946268367198486 0.22848067504000777 0.22715920663401387 0.22668638766306193 0.22793511468890937 0.22907472964453712 0.22777750836525873 0.22873526987052034 0.22806847388584453 0.23231172106105427 0.2318631492168178 0.23342708888996655 0.2295839193055623 0.23074778138790553 0.22842005722321904 0.22741380146452644 0.2290989767712526 0.23043256874060425 0.2282624508995684 0.2292444595315455 0.23052955724746618 0.23706415789728918 0.2392948935551137 0.23020222103680713 0.2383128849231366 0.23691867513699627 0.22998399689636778 0.23830076135977887 0.2381674021628437 0.23039619805053102 0.23484554580282235 0.232699675088502 0.2318025314000291 0.16884486688327432 0.23710052858736239 0.2345667038455943 0.23690655157363852 0.22852916929343872 0.2275956549148926 0.1606857087435139 0.15943698171766646 0.23006886183987196 0.1602007662092042 0.15920663401386936 0.16318316279520878 0.15983705930847195 0.15995829494204936 0.22989913195286357 0.22878376412395132 0.1612312690946123 0.16039474322292807 0.15857620871926675 0.15980068861839872 0.22888075263081326
0.2248678531594006 0.22278260026186897 0.1655836283400417 0.22576499684787352 0.2248072353426119 0.226540904902769 0.22858978711022743 0.22417681004800932 0.22406769797778964 0.22452839338538383 0.2329300227922991 0.22471024683574997 0.23183890209010233 0.23032345667038456 0.22524368362349062 0.2266500169729887 0.2366398331797682 0.13237718830318607 0.1371053780127055 0.0 0.22669851122641968 0.23774307744532272 0.22229765772755927 0.2217278502497454 0.22118228989864702 0.2208307065612725 0.22035788759032054 0.2213277726589399 0.22189758013675379 0.22171572668638767 0.22201881577033122 0.22551040201736094 0.22695310605693225 0.22669851122641968 0.22251588186799864 0.22363124969691092 0.22254012899471412 0.2210974249551428 0.22200669220697347 0.22326754279617866 0.22180059162989185 0.22295233014887736 0.22431016924494449 0.23115998254206876 0.23399689636778043 0.22335240773968285 0.2339605256777072 0.23147519518937007 0.2220430628970467 0.23409388487464236 0.2340817613112846 0.2235463847534067 0.22901411182774842 0.22698947674700548 0.22398283303428543 0.16492895591872364 0.232699675088502 0.22645603995926483 0.2330391348625188 0.22364337326026865 0.2233402841763251 0.1572062460598419 0.15687890984918287 0.22375248533048833 0.15686678628582512 0.1558484069637748 0.16283157945783425 0.15786091848116 0.15628485524465352 0.22384947383735027 0.22280684738858444 0.15915813976043838 0.1592187575772271 0.15449056786770768 0.15598176616070997 0.22249163474128317
0.09590950972309781 0.09241792347606809 0.22451626982202608 0.10020125115173852 0.10103777702342273 0.1036200960186218 0.10307453566752339 0.09871005285873624 0.09789777411376752 0.09862518791523205 0.15797003055137965 0.10392318510256535 0.15777605353765578 0.0808762911594976 0.07965181126036565 0.07882740895203919 0.16226177198002037 0.2248678531594006 0.23139033024586586 0.22669851122641968 0.0 0.097922021240483 0.0767300324911498 0.08384656418214441 0.08434363027981184 0.08338586877455022 0.08494980844769895 0.0859439406430338 0.0852528975316425 0.08429513602638088 0.08428301246302314 0.07616022501333591 0.07777265893991563 0.07965181126036565 0.0758086416759614 0.09493962465447844 0.09481838902090102 0.095994374666602 0.09544881431550362 0.0957882740895204 0.08442849522331604 0.0839556762523641 0.09952233160370497 0.15554531787983125 0.15794578342466417 0.1018379322050337 0.15868532078948644 0.15748508801706998 0.10191067358518016 0.1576305707773629 0.15618786673779156 0.10038310460210464 0.08446486591338927 0.08188254691819019 0.07902138596576305 0.21806653411570728 0.15623636099122254 0.10515978856505503 0.1576911885941516 0.07984578827408952 0.07908200378255177 0.21861209446680568 0.22182483875660733 0.07876679113525047 0.21725425537073856 0.22193395082682701 0.22144900829251735 0.22079433587119926 0.2191940255079773 0.08053683138548082 0.07828184860094078 0.22032151690024732 0.22338877842975607 0.22038213471703602 0.22303719509238154 0.09978904999757529
0.11609524271373842 0.11454342660394744 0.23560933029436013 0.11861694389214877 0.12212065370253625 0.12329663934823723 0.12243586634983754 0.11875030308908395 0.11961107608748363 0.11755007031666748 0.17325784394549246 0.12384219969933563 0.17265166577760535 0.10181368507831821 0.10049221667232433 0.09998302701129916 0.17716163134668542 0.23836137917656758 0.24405945395470638 0.23774307744532272 0.097922021240483 0.0 0.09788565055040978 0.10313515348431211 0.10317152417438534 0.10364434314533728 0.10435963338344406 0.10438388051015955 0.10364434314533728 0.10542650695892537 0.10369283739876825 0.09787352698705204 0.09667329421463557 0.09940109597012754 0.09672178846806653 0.11371902429562097 0.11330682314145774 0.11535570534891615 0.11299161049415644 0.11354929440861258 0.10223800979583919 0.10554774259250278 0.11851995538528684 0.1722879588768731 0.17371853935308665 0.1198899180447117 0.17387614567673731 0.17253043014402794 0.11955045827069492 0.17253043014402794 0.17290626060811795 0.11972018815770331 0.10348673682168663 0.10357160176519083 0.09896464768924883 0.2301052325299452 0.17268803646767858 0.12262984336356142 0.17377915716987538 0.1014621017409437 0.09890402987246011 0.23060229862761264 0.23245720382134716 0.09703700111536782 0.22827457446292615 0.2324693273847049 0.23397264924106492 0.23421512050821977 0.23009310896658747 0.1018379322050337 0.10055283448911304 0.2318025314000291 0.23566994811114883 0.2334149653266088 0.235803307308084 0.11881092090587266
0.09822511032442656 0.09626109306047233 0.22309781290917027 0.10300179428737695 0.10546287764899859 0.104456621890306 0.10480820522768051 0.10061345230590175 0.1019834149653266 0.09849182871829688 0.1595339702245284 0.10565685466272247 0.15870956791620194 0.08382231705542893 0.0824038601425731 0.07966393482372339 0.16300130934484264 0.22458901120217253 0.22946268367198486 0.22229765772755927 0.0767300324911498 0.09788565055040978 0.0 0.08407691188594152 0.08547112167208186 0.08584695213617187 0.08719266766888124 0.08743513893603608 0.0859439406430338 0.0846467193637554 0.08589544638960284 0.07944571068328403 0.08011250666795984 0.08136123369380728 0.07814848940400562 0.09691576548179041 0.09504873672469813 0.09896464768924883 0.0961641045536104 0.09618835168032588 0.08446486591338927 0.08634401823383929 0.100601328742544 0.15771543572086708 0.15929149895737355 0.10245623393627855 0.15780030066437128 0.15790941273459094 0.10255322244314048 0.15980068861839872 0.15651520294845062 0.1014621017409437 0.08435575384316958 0.08104602104650599 0.07828184860094078 0.21424761165801853 0.15712138111633772 0.10587507880316183 0.15935211677416225 0.08315552107075312 0.07923961010620241 0.21501139614955628 0.2195092381552786 0.07882740895203919 0.21387178119392852 0.21816352262256922 0.2191091605644731 0.21896367780418022 0.21561757431744338 0.07994277678095146 0.08069443770913147 0.21832112894621988 0.22102468357499636 0.21826051112943115 0.22018815770331215 0.10023762184181174
0.09183599243489647 0.09067213035255323 0.2210974249551428 0.09610348673682169 0.09718248387566074 0.09818873963435333 0.0976916735366859 0.09434557004994908 0.0945516706270307 0.09506086028805587 0.15503612821880608 0.0995344551670627 0.15433296154405704 0.08664710731778284 0.08471946074390185 0.08452548373017797 0.1597643179283255 0.22152174967266378 0.22848067504000777 0.2217278502497454 0.08384656418214441 0.10313515348431211 0.08407691188594152 0.0 0.04084428495223316 0.048639736191261336 0.08126424518694535 0.08262208428301246 0.08321613888754183 0.08351922797148538 0.04403278211531934 0.08607729983996897 0.08478007856069056 0.08619853547354639 0.08308277969060666 0.09091460161970806 0.09033267057853644 0.09318170796760585 0.09035691770525192 0.0921027108287668 0.08345861015469667 0.08383444061878667 0.09532757868192619 0.154381455797488 0.15476940982493576 0.09466078269725038 0.15514524028902574 0.15319334658842926 0.0960186217933175 0.1561999903011493 0.15441782648756122 0.09502448959798264 0.0876169923864022 0.08389505843557539 0.08125212162358761 0.21641772949905436 0.15373890693952766 0.09761893215653945 0.15611512535764513 0.08498617913777218 0.08216138887541827 0.21458707143203531 0.21709664904708792 0.08545899810872412 0.2132292323359682 0.21883031860724503 0.21902429562096892 0.21764220939818632 0.21482954269919013 0.08286455555016731 0.08320401532418409 0.216951166286795 0.2187575772270986 0.21703603123029921 0.2183574996362931 0.09503661316134038
0.09070850104262645 0.09087823092963483 0.2203093933368896 0.09536394937199942 0.09734009019931138 0.09694001260850589 0.09615198099025266 0.09435769361330683 0.09373939188206197 0.09405460452936328 0.15371465981281218 0.09855244653508559 0.15434508510741476 0.08554386305222832 0.08436787740652732 0.0860894234033267 0.15912176907036515 0.2218733330100383 0.22715920663401387 0.22118228989864702 0.08434363027981184 0.10317152417438534 0.08547112167208186 0.04084428495223316 0.0 0.042202124048300274 0.08154308714417341 0.08302216187381795 0.08220988312884923 0.0824887250860773 0.044917802240434505 0.08478007856069056 0.0851074147713496 0.0845618544202512 0.08379806992871344 0.08969012172057611 0.09005382862130837 0.09159352116774162 0.08952039183356772 0.09187236312496969 0.08327675670433053 0.0838708113088599 0.09376363900877746 0.1535449299258038 0.1540298724601135 0.09535182580864168 0.15510886959895254 0.15347218854565733 0.09612773386353717 0.15579991271034382 0.15358130061587702 0.09406672809272101 0.08796857572377673 0.08574996362930992 0.08414965326608796 0.2156539450075166 0.15307211095485185 0.097922021240483 0.15532709373939188 0.08577421075602541 0.08425876533630765 0.21355656854662722 0.2173512438776005 0.08287667911352505 0.21287764899859365 0.2183332525095776 0.21847873526987052 0.2175573444546821 0.21399301682750593 0.08454973085689346 0.08100965035643276 0.21647834731584306 0.21857572377673246 0.21690267203336405 0.21824838756607343 0.09415159303622521
0.09452742350031522 0.09035691770525192 0.21983657436593765 0.09770379710004365 0.09946171378691625 0.09964356723728238 0.0987827942388827 0.09577615052616265 0.09484263614761651 0.09581252121623587 0.1548663983317977 0.10120750691043111 0.155933271907279 0.08713204985209252 0.08585907569952961 0.08750788031618253 0.16041899034964358 0.22161873817952574 0.22668638766306193 0.2208307065612725 0.08338586877455022 0.10364434314533728 0.08584695213617187 0.048639736191261336 0.042202124048300274 0.0 0.08170069346782406 0.08344648659133892 0.08355559866155861 0.08422239464623442 0.04492992580379225 0.08629552398040832 0.08587119926288735 0.08760486882304447 0.08490131419426798 0.09103583725328548 0.09186023956161195 0.09247854129285679 0.09181174530818098 0.09186023956161195 0.08367683429513603 0.08570146937587896 0.0959337568498133 0.15484215120508218 0.15612724892100285 0.0958488919063091 0.1567697977789632 0.1548663983317977 0.09832209883128849 0.15765481790407837 0.1546360506280006 0.09550943213229232 0.08827166480772028 0.08806556423063867 0.08285243198680957 0.2140657582076524 0.15439357936084575 0.09854032297172785 0.15655157363852384 0.08578633431938315 0.08349498084476989 0.21267154842151206 0.21670869501964019 0.08344648659133892 0.21177440473303913 0.21756946801803986 0.2184423645797973 0.21640560593569663 0.21429610591144949 0.084101159012657 0.08170069346782406 0.2149871490228408 0.21824838756607343 0.2153387323602153 0.2183574996362931 0.09590950972309781
