0.0 0.09322543167341052 0.11361724289892232 0.11329674291895357 0.11409799286887544 0.11325668042145748 0.09807299387043789 0.09610993149312928 0.09442730659829333 0.11149393053162934 0.1130163054364809 0.10997155562677777 0.11193461800408637 0.11089299306918793 0.1322062417371099 0.11137374303914106 0.09763230639798084 0.10107768118264493 0.1012379311726293 0.1084491807219262 0.11209486799407076 0.09783261888546133 0.09707143143303554 0.10933055566684027 0.10901005568687153 0.11249549296903169 0.09643043147309803 0.09182324426104724 0.1084892432194223 0.11093305556668402 0.10620568086214495 0.10536436841472697 0.10880974319939105 0.10949080565682465 0.10700693081206683 0.10692680581707463 0.10772805576699651 0.10937061816433637 0.10985136813428949 0.12916149192740675 0.09819318136292617 0.09867393133287929 0.11077280557669965 0.13256680421457473 0.09178318176355114 0.11590080525619967 0.11618124273867234 0.11401786787388325 0.13036336685228958 0.12996274187732862 0.11017186811425825 0.10860943071191058 0.10824886823444574 0.13300749168703177 0.1124554304715356 0.11253555546652778 0.09230399423100036 0.10812868074195746 0.11345699290893795 0.11309643043147309 0.13124474179720363
0.09322543167341052 0.0 0.10884980569688714 0.10476343095228556 0.10412243099234807 0.10632586835463323 0.08825768198389487 0.08781699451143785 0.0854933696566644 0.10464324345979728 0.10640599334962542 0.1045631184648051 0.10628580585713714 0.104523055967309 0.1255959296502544 0.10235968110251993 0.08581386963663315 0.09030086935619566 0.09070149433115661 0.1032009935499379 0.10308080605744963 0.08745643203397299 0.08781699451143785 0.10079724370017226 0.10560474339970354 0.10356155602740275 0.08829774448139097 0.0848123071992308 0.10276030607748086 0.1032009935499379 0.10087736869516446 0.10364168102239493 0.10308080605744963 0.10288049356996916 0.10103761868514884 0.10159849365009414 0.10488361844477384 0.10300068106245744 0.10388205600737149 0.1255959296502544 0.08990024438123473 0.08853811946636754 0.10416249348984416 0.12651736709266456 0.08693561956652378 0.10744761828452386 0.10748768078201995 0.10884980569688714 0.1256760546452466 0.12415367974039501 0.1038019310123793 0.10175874364007852 0.10300068106245744 0.12992267937983254 0.10664636833460198 0.10472336845478947 0.08593405712912143 0.10119786867513321 0.10628580585713714 0.10800849324946918 0.12655742959016064
0.11361724289892232 0.10884980569688714 0.0 0.09230399423100036 0.09390649413084412 0.08745643203397299 0.10624574335964104 0.10684668082208244 0.10356155602740275 0.08825768198389487 0.09394655662834021 0.09106205680862145 0.08933936941628941 0.08901886943632066 0.11489924281879732 0.09046111934618004 0.10163855614759024 0.10764793077200432 0.10676655582709026 0.10556468090220744 0.10640599334962542 0.10376186851488321 0.10388205600737149 0.09835343135291054 0.10091743119266056 0.09230399423100036 0.10828893073194183 0.10744761828452386 0.09839349385040663 0.09843355634790273 0.09875405632787147 0.1005568687151957 0.09655061896558631 0.09851368134289491 0.08897880693882457 0.09130243179359801 0.09426705660830896 0.09735186891550819 0.09054124434117222 0.1157004927687192 0.10388205600737149 0.10468330595729337 0.1012379311726293 0.11830455510596531 0.10901005568687153 0.09250430671848082 0.09054124434117222 0.09278474420095349 0.11602099274868795 0.11473899282881295 0.08693561956652378 0.0999559312527543 0.10015624374023477 0.1196266175233364 0.10804855574696527 0.10660630583710588 0.10792836825447698 0.10155843115259805 0.08693561956652378 0.09114218180361364 0.11754336765353952
0.11329674291895357 0.10476343095228556 0.09230399423100036 0.0 0.0874163695364769 0.08641480709907455 0.10448299346981291 0.10436280597732463 0.10179880613757461 0.08841793197387925 0.09282480669844959 0.09098193181362926 0.08853811946636754 0.08949961940627378 0.11706261768358639 0.08605424462160971 0.09987580625776211 0.10404230599735588 0.10428268098233244 0.10099755618765274 0.10063699371018789 0.10264011858499258 0.10131805616762149 0.09627018148311366 0.09739193141300428 0.08957974440126598 0.10540443091222307 0.10488361844477384 0.09590961900564882 0.09715155642802772 0.0965906814630824 0.09703136893553944 0.09446736909578943 0.09635030647810584 0.08793718200392613 0.09258443171347301 0.09338568166339489 0.09414686911582068 0.08869836945635191 0.11938624253835985 0.10083730619766837 0.10067705620768398 0.09779255638796523 0.12142942991066064 0.10428268098233244 0.09146268178358238 0.09158286927607066 0.09398661912583631 0.12002724249829734 0.11666199270862546 0.0887784944513441 0.09875405632787147 0.09510836905572694 0.12283161732302392 0.10139818116261368 0.10003605624774649 0.1045631184648051 0.09418693161331677 0.08998036937622692 0.09186330675854333 0.12267136733303954
0.11409799286887544 0.10412243099234807 0.09390649413084412 0.0874163695364769 0.0 0.08449180721926206 0.10544449340971916 0.10532430591723088 0.1038019310123793 0.08865830695885582 0.09162293177356677 0.09122230679860582 0.09062136933616442 0.08853811946636754 0.11690236769360202 0.08965986939625817 0.09843355634790273 0.104523055967309 0.10492368094226995 0.10203918112255118 0.10600536837466448 0.10047674372020352 0.10364168102239493 0.09683105644805898 0.0993149312928168 0.09030086935619566 0.10644605584712151 0.10472336845478947 0.09759224390048475 0.0946676815832699 0.09635030647810584 0.09807299387043789 0.09438724410079724 0.09691118144305116 0.08913905692880894 0.09050118184367613 0.09458755658827771 0.09430711910580505 0.09030086935619566 0.11706261768358639 0.1039621810023637 0.10163855614759024 0.10067705620768398 0.11822443011097312 0.10604543087216058 0.09034093185369176 0.09182324426104724 0.09302511918593005 0.1183446176034614 0.11513961780377388 0.08925924442129722 0.0985938063378871 0.09655061896558631 0.1196266175233364 0.10412243099234807 0.10276030607748086 0.1058451183846801 0.0953086815432074 0.08973999439125036 0.09186330675854333 0.11978686751332078
0.11325668042145748 0.10632586835463323 0.08745643203397299 0.08641480709907455 0.08449180721926206 0.0 0.1025199310925043 0.10408236849485197 0.1018388686350707 0.09150274428107848 0.08773686951644566 0.08845799447137534 0.08561355714915268 0.0880974319939105 0.11782380513601218 0.09042105684868394 0.0992748687953207 0.10472336845478947 0.10624574335964104 0.1005568687151957 0.10284043107247305 0.10083730619766837 0.10151836865510196 0.09735186891550819 0.09887424382035977 0.08697568206401987 0.1039221185048676 0.10460318096230119 0.09739193141300428 0.09759224390048475 0.09486799407075037 0.09835343135291054 0.09699130643804335 0.0953487440407035 0.08477224470173471 0.0861343696166019 0.09494811906574256 0.09426705660830896 0.0888185569488402 0.11742318016105124 0.10280036857497696 0.10119786867513321 0.09903449381034414 0.12058811746324266 0.10528424341973479 0.09254436921597692 0.09114218180361364 0.09450743159328552 0.11718280517607467 0.1157405552662153 0.09058130683866832 0.09783261888546133 0.09819318136292617 0.12134930491566845 0.10304074355995353 0.10175874364007852 0.10564480589719963 0.097271743920516 0.09114218180361364 0.09390649413084412 0.12014742999078562
0.09807299387043789 0.08825768198389487 0.10624574335964104 0.10448299346981291 0.10544449340971916 0.1025199310925043 0.0 0.08200793237450422 0.07952405752974641 0.10436280597732463 0.10516405592724651 0.10484355594727775 0.10472336845478947 0.10247986859500821 0.12243099234806298 0.10336124353992228 0.07543768278514483 0.08641480709907455 0.08312968230439485 0.10107768118264493 0.10264011858499258 0.07932374504226593 0.08401105724930892 0.1005969312126918 0.10011618124273867 0.10223949361003165 0.08857818196386363 0.08733624454148471 0.10111774368014102 0.09787268138295742 0.09755218140298866 0.10031649373021914 0.10215936861503946 0.10171868114258242 0.09819318136292617 0.09979568126276993 0.101959056127559 0.09903449381034414 0.1025599935900004 0.12219061736308641 0.0808861824446136 0.08288930731941829 0.10099755618765274 0.12471455470534033 0.08801730699891831 0.10556468090220744 0.10480349344978165 0.10961099314931293 0.12347261728296142 0.12018749248828171 0.10223949361003165 0.09939505628780898 0.09951524378029726 0.12659749208765675 0.10364168102239493 0.10219943111253556 0.08373061976683627 0.0993149312928168 0.10448299346981291 0.10820880573694965 0.12219061736308641
0.09610993149312928 0.08781699451143785 0.10684668082208244 0.10436280597732463 0.10532430591723088 0.10408236849485197 0.08200793237450422 0.0 0.04414887224069548 0.10272024357998477 0.10312086855494572 0.10360161852489884 0.1025199310925043 0.101959056127559 0.12327230479548094 0.10115780617763712 0.06962862064821121 0.08220824486198469 0.0828492448219222 0.10039661872521133 0.10211930611754337 0.08064580745963704 0.08100636993710188 0.09887424382035977 0.10223949361003165 0.10372180601738712 0.08909899443131285 0.08873843195384801 0.1005969312126918 0.0979928688754457 0.09743199391050038 0.10011618124273867 0.10155843115259805 0.10023636873522696 0.09943511878530507 0.09967549377028163 0.09831336885541445 0.09947518128280117 0.10211930611754337 0.12303192981050438 0.0828492448219222 0.08132686991707062 0.10223949361003165 0.12507511718280517 0.09166299427106286 0.1038419935098754 0.10476343095228556 0.10620568086214495 0.12431392973037939 0.12054805496574657 0.10115780617763712 0.10015624374023477 0.10163855614759024 0.12832017947998878 0.10368174351989103 0.10111774368014102 0.08761668202395738 0.10015624374023477 0.10404230599735588 0.10568486839469572 0.12471455470534033
0.09442730659829333 0.0854933696566644 0.10356155602740275 0.10179880613757461 0.1038019310123793 0.1018388686350707 0.07952405752974641 0.04414887224069548 0.0 0.10135811866511758 0.10223949361003165 0.10207924362004728 0.10235968110251993 0.10179880613757461 0.12126917992067625 0.10083730619766837 0.07091062056808621 0.08244861984696127 0.0848523696967269 0.10031649373021914 0.10187893113256681 0.07952405752974641 0.08004486999719562 0.09719161892552382 0.10039661872521133 0.10163855614759024 0.08717599455150034 0.08617443211409799 0.10131805616762149 0.09895436881535195 0.09687111894555507 0.09643043147309803 0.10019630623773086 0.10047674372020352 0.09751211890549256 0.10031649373021914 0.09919474380032851 0.09955530627779335 0.0999559312527543 0.12102880493569969 0.08060574496214094 0.08316974480189095 0.0999959937502504 0.12395336725291455 0.09174311926605505 0.10304074355995353 0.10356155602740275 0.10516405592724651 0.1222306798605825 0.11830455510596531 0.10067705620768398 0.09967549377028163 0.10003605624774649 0.12583630463523096 0.10167861864508633 0.1005568687151957 0.08625455710909018 0.098553743840391 0.10179880613757461 0.10352149352990665 0.12207042987059813
0.11149393053162934 0.10464324345979728 0.08825768198389487 0.08841793197387925 0.08865830695885582 0.09150274428107848 0.10436280597732463 0.10272024357998477 0.10135811866511758 0.0 0.09070149433115661 0.08965986939625817 0.09002043187372301 0.08561355714915268 0.11429830535635592 0.08361043227434799 0.0992748687953207 0.10328111854493009 0.10312086855494572 0.10143824366010977 0.10179880613757461 0.09899443131284805 0.09895436881535195 0.09558911902568006 0.09815311886543007 0.08961980689876207 0.10624574335964104 0.10260005608749649 0.09546893153319178 0.09631024398060975 0.09422699411081287 0.09835343135291054 0.09578943151316054 0.09631024398060975 0.08533311966668002 0.08789711950643003 0.09430711910580505 0.0940266816233324 0.08769680701894957 0.11293618044148872 0.09991586875525821 0.10079724370017226 0.0979928688754457 0.11562036777372701 0.10416249348984416 0.08853811946636754 0.08801730699891831 0.09002043187372301 0.1144585553463403 0.11077280557669965 0.08753655702896519 0.09943511878530507 0.09691118144305116 0.11630143023116062 0.10504386843475823 0.10175874364007852 0.1038019310123793 0.09687111894555507 0.08641480709907455 0.08397099475181283 0.11550018028123873
0.1130163054364809 0.10640599334962542 0.09394655662834021 0.09282480669844959 0.09162293177356677 0.08773686951644566 0.10516405592724651 0.10312086855494572 0.10223949361003165 0.09070149433115661 0.0 0.09030086935619566 0.09018068186370738 0.08777693201394175 0.1189455550659028 0.0907415568286527 0.09943511878530507 0.10600536837466448 0.10536436841472697 0.09951524378029726 0.101959056127559 0.10067705620768398 0.10360161852489884 0.0946276190857738 0.0999959937502504 0.09170305676855896 0.1058451183846801 0.10500380593726213 0.09787268138295742 0.09606986899563319 0.09502824406073475 0.09819318136292617 0.09546893153319178 0.09823324386042226 0.08861824446135973 0.09158286927607066 0.09510836905572694 0.09146268178358238 0.09378630663835584 0.11870518008092625 0.1038419935098754 0.10360161852489884 0.09791274388045351 0.1222707423580786 0.10640599334962542 0.0927046192059613 0.09282480669844959 0.09498818156323866 0.11886543007091062 0.11646168022114499 0.0907415568286527 0.09623011898561756 0.09683105644805898 0.12311205480549657 0.10400224349985979 0.10247986859500821 0.10436280597732463 0.09911461880533633 0.08857818196386363 0.09438724410079724 0.12126917992067625
0.10997155562677777 0.1045631184648051 0.09106205680862145 0.09098193181362926 0.09122230679860582 0.08845799447137534 0.10484355594727775 0.10360161852489884 0.10207924362004728 0.08965986939625817 0.09030086935619566 0.0 0.08978005688874645 0.09066143183366052 0.11718280517607467 0.09090180681863708 0.09943511878530507 0.10640599334962542 0.10496374343976604 0.10063699371018789 0.10268018108248868 0.10091743119266056 0.1018388686350707 0.09502824406073475 0.0966307439605785 0.09026080685869957 0.10504386843475823 0.10340130603741837 0.09418693161331677 0.09358599415087536 0.09246424422098473 0.09514843155322303 0.09370618164336365 0.09647049397059412 0.08965986939625817 0.09118224430110973 0.0933456191658988 0.0946676815832699 0.09042105684868394 0.11558030527623092 0.10023636873522696 0.10079724370017226 0.09935499379031289 0.11826449260846922 0.10608549336965667 0.0927046192059613 0.09410680661832459 0.09242418172348864 0.11670205520612155 0.11309643043147309 0.0893794319137855 0.09807299387043789 0.09667080645807459 0.11918593005087937 0.10135811866511758 0.0999959937502504 0.10556468090220744 0.09679099395056288 0.08978005688874645 0.094707744080766 0.11718280517607467
0.11193461800408637 0.10628580585713714 0.08933936941628941 0.08853811946636754 0.09062136933616442 0.08561355714915268 0.10472336845478947 0.1025199310925043 0.10235968110251993 0.09002043187372301 0.09018068186370738 0.08978005688874645 0.0 0.08701574456151596 0.11618124273867234 0.08861824446135973 0.09891430631785586 0.10412243099234807 0.10436280597732463 0.1005969312126918 0.1012779936701254 0.09839349385040663 0.10219943111253556 0.0946676815832699 0.09410680661832459 0.08597411962661752 0.10308080605744963 0.10272024357998477 0.09526861904571131 0.0920235567485277 0.09186330675854333 0.09374624414085975 0.09454749409078161 0.09562918152317615 0.0868154320740355 0.08577380713913706 0.09490805656824647 0.09414686911582068 0.09014061936621129 0.11666199270862546 0.09979568126276993 0.09947518128280117 0.09763230639798084 0.12006730499579343 0.10724730579704339 0.09258443171347301 0.09174311926605505 0.09558911902568006 0.11666199270862546 0.11497936781378951 0.08933936941628941 0.09723168142301991 0.09422699411081287 0.12002724249829734 0.10235968110251993 0.10051680621769961 0.10400224349985979 0.09538880653819959 0.08773686951644566 0.09346580665838708 0.1189856175633989
0.11089299306918793 0.104523055967309 0.08901886943632066 0.08949961940627378 0.08853811946636754 0.0880974319939105 0.10247986859500821 0.101959056127559 0.10179880613757461 0.08561355714915268 0.08777693201394175 0.09066143183366052 0.08701574456151596 0.0 0.11433836785385201 0.08437161972677376 0.09755218140298866 0.10348143103241056 0.10131805616762149 0.10115780617763712 0.10408236849485197 0.09959536877528945 0.10139818116261368 0.09691118144305116 0.09899443131284805 0.08901886943632066 0.10476343095228556 0.10015624374023477 0.09566924402067224 0.09578943151316054 0.09410680661832459 0.10095749369015665 0.09510836905572694 0.09643043147309803 0.08729618204398862 0.08801730699891831 0.09338568166339489 0.0946276190857738 0.08421136973678939 0.1131364929289692 0.10011618124273867 0.09955530627779335 0.09987580625776211 0.11710268018108248 0.1039621810023637 0.0848123071992308 0.08445174472176596 0.08829774448139097 0.11385761788389888 0.11225511798405513 0.08365049477184408 0.09979568126276993 0.09719161892552382 0.11658186771363327 0.10356155602740275 0.10492368094226995 0.10352149352990665 0.09987580625776211 0.08469211970674252 0.08040543247466048 0.11658186771363327
0.1322062417371099 0.1255959296502544 0.11489924281879732 0.11706261768358639 0.11690236769360202 0.11782380513601218 0.12243099234806298 0.12327230479548094 0.12126917992067625 0.11429830535635592 0.1189455550659028 0.11718280517607467 0.11618124273867234 0.11433836785385201 0.0 0.11281599294900044 0.11862505508593406 0.12447417972036377 0.12287167982052001 0.12543567966027003 0.12723849204759424 0.11842474259845359 0.12150955490565282 0.1203878049757622 0.12191017988061376 0.11658186771363327 0.12647730459516845 0.12403349224790673 0.12138936741316454 0.1189455550659028 0.12046792997075438 0.12211049236809422 0.12002724249829734 0.12183005488562157 0.11229518048155122 0.11694243019109811 0.1196666800208325 0.11730299266856296 0.11433836785385201 0.07675974520251592 0.12062817996073875 0.12102880493569969 0.12311205480549657 0.07383518288530107 0.12415367974039501 0.1163815552261528 0.11425824285885983 0.12026761748327391 0.07651937021753936 0.07555787027763311 0.11377749288890669 0.12199030487560594 0.12122911742318015 0.07579824526260967 0.12840030447498096 0.12583630463523096 0.12451424221785987 0.1229518048155122 0.11345699290893795 0.11237530547654341 0.07675974520251592
0.11137374303914106 0.10235968110251993 0.09046111934618004 0.08605424462160971 0.08965986939625817 0.09042105684868394 0.10336124353992228 0.10115780617763712 0.10083730619766837 0.08361043227434799 0.0907415568286527 0.09090180681863708 0.08861824446135973 0.08437161972677376 0.11281599294900044 0.0 0.09811305636793398 0.1038019310123793 0.10404230599735588 0.10468330595729337 0.10424261848483635 0.09983574376026602 0.0993149312928168 0.09554905652818396 0.10107768118264493 0.09022074436120348 0.10492368094226995 0.10288049356996916 0.10007611874524258 0.09867393133287929 0.09619005648812147 0.09919474380032851 0.09590961900564882 0.09755218140298866 0.08969993189375426 0.09026080685869957 0.09683105644805898 0.09510836905572694 0.08717599455150034 0.1144184928488442 0.09891430631785586 0.10099755618765274 0.10107768118264493 0.11678218020111374 0.10508393093225432 0.0848123071992308 0.08605424462160971 0.08973999439125036 0.11497936781378951 0.11249549296903169 0.08381074476182845 0.1005969312126918 0.09879411882536758 0.1189856175633989 0.10492368094226995 0.10308080605744963 0.10296061856496135 0.0985938063378871 0.08645486959657064 0.08320980729938704 0.11674211770361764
0.09763230639798084 0.08581386963663315 0.10163855614759024 0.09987580625776211 0.09843355634790273 0.0992748687953207 0.07543768278514483 0.06962862064821121 0.07091062056808621 0.0992748687953207 0.09943511878530507 0.09943511878530507 0.09891430631785586 0.09755218140298866 0.11862505508593406 0.09811305636793398 0.0 0.07387524538279716 0.0723528704779456 0.09791274388045351 0.09979568126276993 0.0743159328552542 0.07107087055807058 0.09486799407075037 0.09903449381034414 0.09963543127278554 0.0854933696566644 0.08457193221425424 0.09651055646809022 0.094707744080766 0.09639036897560194 0.09635030647810584 0.09963543127278554 0.09775249389046914 0.09558911902568006 0.09847361884539882 0.09711149393053163 0.09578943151316054 0.09827330635791835 0.1183846801009575 0.06962862064821121 0.07275349545290653 0.09711149393053163 0.12058811746324266 0.08725611954649252 0.10119786867513321 0.09883418132286367 0.10316093105244181 0.12006730499579343 0.11469893033131685 0.09803293137294179 0.09647049397059412 0.09522855654821522 0.12335242979047314 0.10079724370017226 0.09991586875525821 0.08729618204398862 0.09791274388045351 0.09971555626777773 0.10143824366010977 0.11998718000080125
0.10107768118264493 0.09030086935619566 0.10764793077200432 0.10404230599735588 0.104523055967309 0.10472336845478947 0.08641480709907455 0.08220824486198469 0.08244861984696127 0.10328111854493009 0.10600536837466448 0.10640599334962542 0.10412243099234807 0.10348143103241056 0.12447417972036377 0.1038019310123793 0.07387524538279716 0.0 0.07780137013741437 0.10296061856496135 0.10284043107247305 0.08577380713913706 0.07611874524257842 0.0999959937502504 0.10376186851488321 0.10516405592724651 0.09182324426104724 0.08921918192380113 0.10179880613757461 0.10015624374023477 0.09903449381034414 0.10099755618765274 0.10235968110251993 0.10175874364007852 0.10223949361003165 0.10288049356996916 0.10031649373021914 0.101959056127559 0.10364168102239493 0.12183005488562157 0.07611874524257842 0.08236849485196907 0.10239974360001602 0.1255558671527583 0.09174311926605505 0.1072072432995473 0.10772805576699651 0.10860943071191058 0.12287167982052001 0.12022755498577781 0.10300068106245744 0.10039661872521133 0.10083730619766837 0.12848042946997315 0.10688674331957854 0.10288049356996916 0.08986018188373864 0.1018388686350707 0.10428268098233244 0.10680661832458635 0.12535555466527784
0.1012379311726293 0.09070149433115661 0.10676655582709026 0.10428268098233244 0.10492368094226995 0.10624574335964104 0.08312968230439485 0.0828492448219222 0.0848523696967269 0.10312086855494572 0.10536436841472697 0.10496374343976604 0.10436280597732463 0.10131805616762149 0.12287167982052001 0.10404230599735588 0.0723528704779456 0.07780137013741437 0.0 0.10063699371018789 0.10284043107247305 0.08232843235447297 0.07772124514242218 0.09959536877528945 0.10143824366010977 0.10468330595729337 0.0880573694964144 0.08729618204398862 0.0993149312928168 0.09751211890549256 0.09887424382035977 0.09971555626777773 0.10163855614759024 0.1019189936300629 0.10023636873522696 0.10135811866511758 0.10207924362004728 0.10003605624774649 0.10260005608749649 0.12255117984055126 0.07595849525259404 0.08180761988702376 0.1019189936300629 0.12531549216778173 0.09182324426104724 0.1072072432995473 0.10564480589719963 0.10796843075197307 0.12319217980048876 0.1209486799407075 0.10388205600737149 0.09895436881535195 0.09955530627779335 0.12799967950002003 0.10512399342975041 0.10231961860502384 0.0893794319137855 0.10103761868514884 0.10468330595729337 0.10552461840471135 0.1248748046953247
0.1084491807219262 0.1032009935499379 0.10556468090220744 0.10099755618765274 0.10203918112255118 0.1005568687151957 0.10107768118264493 0.10039661872521133 0.10031649373021914 0.10143824366010977 0.09951524378029726 0.10063699371018789 0.1005969312126918 0.10115780617763712 0.12543567966027003 0.10468330595729337 0.09791274388045351 0.10296061856496135 0.10063699371018789 0.0 0.0723128079804495 0.09619005648812147 0.10328111854493009 0.08292936981691439 0.08509274468170346 0.09779255638796523 0.10047674372020352 0.10115780617763712 0.08136693241456672 0.07972437001722688 0.08076599495212532 0.08328993229437923 0.08649493209406675 0.08453186971675815 0.0933456191658988 0.09358599415087536 0.08397099475181283 0.08144705740955892 0.10051680621769961 0.12663755458515283 0.09951524378029726 0.09703136893553944 0.0769199951925003 0.12964224189735987 0.10215936861503946 0.10552461840471135 0.10588518088217619 0.10708705580705902 0.12655742959016064 0.12455430471535596 0.10332118104242619 0.07996474500220344 0.08096630743960578 0.1281599294900044 0.07315412042786747 0.07243299547293779 0.10316093105244181 0.07932374504226593 0.10268018108248868 0.10472336845478947 0.1288009294499419
0.11209486799407076 0.10308080605744963 0.10640599334962542 0.10063699371018789 0.10600536837466448 0.10284043107247305 0.10264011858499258 0.10211930611754337 0.10187893113256681 0.10179880613757461 0.101959056127559 0.10268018108248868 0.1012779936701254 0.10408236849485197 0.12723849204759424 0.10424261848483635 0.09979568126276993 0.10284043107247305 0.10284043107247305 0.0723128079804495 0.0 0.09831336885541445 0.10260005608749649 0.08633468210408236 0.08713593205400424 0.09863386883538319 0.10340130603741837 0.10272024357998477 0.08108649493209406 0.08160730739954329 0.08104643243459797 0.0861343696166019 0.08565361964664878 0.0855334321541605 0.09426705660830896 0.0953086815432074 0.08433155722927767 0.07972437001722688 0.10264011858499258 0.12795961700252395 0.10019630623773086 0.10035655622771524 0.0788830575698089 0.1301630543648091 0.1039621810023637 0.10876968070189495 0.10712711830455511 0.1091302431793598 0.1289211169424302 0.12723849204759424 0.10352149352990665 0.08304955730940267 0.08196786987700813 0.13212611674211772 0.07319418292536357 0.07063018308561356 0.10328111854493009 0.08168743239453548 0.1032009935499379 0.10612555586715276 0.13052361684227395
0.09783261888546133 0.08745643203397299 0.10376186851488321 0.10264011858499258 0.10047674372020352 0.10083730619766837 0.07932374504226593 0.08064580745963704 0.07952405752974641 0.09899443131284805 0.10067705620768398 0.10091743119266056 0.09839349385040663 0.09959536877528945 0.11842474259845359 0.09983574376026602 0.0743159328552542 0.08577380713913706 0.08232843235447297 0.09619005648812147 0.09831336885541445 0.0 0.08200793237450422 0.09490805656824647 0.09803293137294179 0.09943511878530507 0.0868154320740355 0.08453186971675815 0.0979928688754457 0.09426705660830896 0.09386643163334803 0.0953487440407035 0.09903449381034414 0.09699130643804335 0.09723168142301991 0.09506830655823084 0.09827330635791835 0.09446736909578943 0.09959536877528945 0.1203477424782661 0.08232843235447297 0.07776130763991827 0.09683105644805898 0.1203878049757622 0.08833780697888706 0.10436280597732463 0.10223949361003165 0.10472336845478947 0.12074836745322703 0.11714274267857858 0.09695124394054726 0.09562918152317615 0.09446736909578943 0.12331236729297704 0.09971555626777773 0.0979528063779496 0.08421136973678939 0.09482793157325428 0.10167861864508633 0.101959056127559 0.12130924241817236
0.09707143143303554 0.08781699451143785 0.10388205600737149 0.10131805616762149 0.10364168102239493 0.10151836865510196 0.08401105724930892 0.08100636993710188 0.08004486999719562 0.09895436881535195 0.10360161852489884 0.1018388686350707 0.10219943111253556 0.10139818116261368 0.12150955490565282 0.0993149312928168 0.07107087055807058 0.07611874524257842 0.07772124514242218 0.10328111854493009 0.10260005608749649 0.08200793237450422 0.0 0.09703136893553944 0.10079724370017226 0.10147830615760586 0.08757661952646129 0.08673530707904331 0.09875405632787147 0.09919474380032851 0.09967549377028163 0.10003605624774649 0.10075718120267617 0.09959536877528945 0.09807299387043789 0.09919474380032851 0.09975561876527382 0.09971555626777773 0.10051680621769961 0.12086855494571531 0.0749168703176956 0.08180761988702376 0.10135811866511758 0.12347261728296142 0.08982011938624254 0.10368174351989103 0.10260005608749649 0.10420255598734025 0.12183005488562157 0.11854493009094187 0.10067705620768398 0.0999959937502504 0.10107768118264493 0.1270381795601138 0.10336124353992228 0.10063699371018789 0.08801730699891831 0.09887424382035977 0.10316093105244181 0.10288049356996916 0.12351267978045752
0.10933055566684027 0.10079724370017226 0.09835343135291054 0.09627018148311366 0.09683105644805898 0.09735186891550819 0.1005969312126918 0.09887424382035977 0.09719161892552382 0.09558911902568006 0.0946276190857738 0.09502824406073475 0.0946676815832699 0.09691118144305116 0.1203878049757622 0.09554905652818396 0.09486799407075037 0.0999959937502504 0.09959536877528945 0.08292936981691439 0.08633468210408236 0.09490805656824647 0.09703136893553944 0.0 0.0795641200272425 0.09314530667841833 0.10007611874524258 0.1012379311726293 0.07944393253475422 0.08188774488201594 0.078923120067305 0.08160730739954329 0.0855334321541605 0.08469211970674252 0.09238411922599254 0.09086174432114098 0.08461199471175034 0.08328993229437923 0.09594968150314491 0.12118905492568406 0.09679099395056288 0.09631024398060975 0.07980449501221906 0.12347261728296142 0.10280036857497696 0.09983574376026602 0.09947518128280117 0.10019630623773086 0.12062817996073875 0.11798405512599655 0.09867393133287929 0.08140699491206282 0.08144705740955892 0.12399342975041064 0.08324986979688313 0.0828492448219222 0.09963543127278554 0.08228836985697688 0.0946676815832699 0.09903449381034414 0.12247105484555908
0.10901005568687153 0.10560474339970354 0.10091743119266056 0.09739193141300428 0.0993149312928168 0.09887424382035977 0.10011618124273867 0.10223949361003165 0.10039661872521133 0.09815311886543007 0.0999959937502504 0.0966307439605785 0.09410680661832459 0.09899443131284805 0.12191017988061376 0.10107768118264493 0.09903449381034414 0.10376186851488321 0.10143824366010977 0.08509274468170346 0.08713593205400424 0.09803293137294179 0.10079724370017226 0.0795641200272425 0.0 0.09442730659829333 0.10175874364007852 0.10091743119266056 0.0828091823244261 0.08108649493209406 0.08108649493209406 0.08401105724930892 0.0893794319137855 0.08709586955650815 0.09422699411081287 0.09102199431112536 0.0874163695364769 0.08825768198389487 0.09835343135291054 0.12191017988061376 0.10079724370017226 0.09815311886543007 0.08204799487200032 0.12515524217779736 0.1038419935098754 0.10304074355995353 0.10067705620768398 0.1038019310123793 0.12375305476543408 0.12046792997075438 0.0985938063378871 0.08749649453146909 0.08457193221425424 0.12663755458515283 0.08709586955650815 0.0854132446616722 0.10227955610752774 0.08204799487200032 0.0973118064180121 0.10247986859500821 0.12583630463523096
0.11249549296903169 0.10356155602740275 0.09230399423100036 0.08957974440126598 0.09030086935619566 0.08697568206401987 0.10223949361003165 0.10372180601738712 0.10163855614759024 0.08961980689876207 0.09170305676855896 0.09026080685869957 0.08597411962661752 0.08901886943632066 0.11658186771363327 0.09022074436120348 0.09963543127278554 0.10516405592724651 0.10468330595729337 0.09779255638796523 0.09863386883538319 0.09943511878530507 0.10147830615760586 0.09314530667841833 0.09442730659829333 0.0 0.105805055887184 0.10400224349985979 0.09310524418092224 0.09186330675854333 0.09442730659829333 0.09390649413084412 0.09286486919594568 0.0940266816233324 0.08729618204398862 0.08761668202395738 0.09090180681863708 0.09070149433115661 0.0894194944112816 0.11602099274868795 0.09947518128280117 0.09867393133287929 0.09586955650815272 0.1163815552261528 0.10548455590721525 0.0920235567485277 0.09094186931613317 0.0933456191658988 0.11818436761347702 0.11465886783382076 0.08885861944633629 0.09450743159328552 0.09342574416089099 0.11930611754336766 0.0985938063378871 0.09490805656824647 0.10304074355995353 0.09442730659829333 0.08885861944633629 0.09482793157325428 0.11746324265854734
0.09643043147309803 0.08829774448139097 0.10828893073194183 0.10540443091222307 0.10644605584712151 0.1039221185048676 0.08857818196386363 0.08909899443131285 0.08717599455150034 0.10624574335964104 0.1058451183846801 0.10504386843475823 0.10308080605744963 0.10476343095228556 0.12647730459516845 0.10492368094226995 0.0854933696566644 0.09182324426104724 0.0880573694964144 0.10047674372020352 0.10340130603741837 0.0868154320740355 0.08757661952646129 0.10007611874524258 0.10175874364007852 0.105805055887184 0.0 0.08120668242458234 0.10243980609751212 0.09919474380032851 0.10119786867513321 0.10003605624774649 0.10428268098233244 0.10223949361003165 0.10143824366010977 0.10239974360001602 0.10151836865510196 0.10171868114258242 0.10492368094226995 0.12527542967028565 0.08709586955650815 0.08781699451143785 0.10135811866511758 0.12811986699250832 0.08605424462160971 0.1091302431793598 0.10828893073194183 0.11101318056167621 0.12671767958014502 0.12415367974039501 0.10468330595729337 0.09919474380032851 0.1012379311726293 0.12928167941989505 0.10552461840471135 0.10480349344978165 0.08529305716918392 0.0999959937502504 0.10628580585713714 0.10832899322943793 0.1296021793998638
0.09182324426104724 0.0848123071992308 0.10744761828452386 0.10488361844477384 0.10472336845478947 0.10460318096230119 0.08733624454148471 0.08873843195384801 0.08617443211409799 0.10260005608749649 0.10500380593726213 0.10340130603741837 0.10272024357998477 0.10015624374023477 0.12403349224790673 0.10288049356996916 0.08457193221425424 0.08921918192380113 0.08729618204398862 0.10115780617763712 0.10272024357998477 0.08453186971675815 0.08673530707904331 0.1012379311726293 0.10091743119266056 0.10400224349985979 0.08120668242458234 0.0 0.0999959937502504 0.09947518128280117 0.0985938063378871 0.10007611874524258 0.10143824366010977 0.10115780617763712 0.0993149312928168 0.09691118144305116 0.10211930611754337 0.0979928688754457 0.10135811866511758 0.12475461720283643 0.08729618204398862 0.08649493209406675 0.10011618124273867 0.12575617964023877 0.08248868234445736 0.10460318096230119 0.10544449340971916 0.10736749328953167 0.12475461720283643 0.12299186731300829 0.1019189936300629 0.10043668122270742 0.09911461880533633 0.13052361684227395 0.1025199310925043 0.10268018108248868 0.08108649493209406 0.09963543127278554 0.10280036857497696 0.10508393093225432 0.12675774207764112
0.1084892432194223 0.10276030607748086 0.09839349385040663 0.09590961900564882 0.09759224390048475 0.09739193141300428 0.10111774368014102 0.1005969312126918 0.10131805616762149 0.09546893153319178 0.09787268138295742 0.09418693161331677 0.09526861904571131 0.09566924402067224 0.12138936741316454 0.10007611874524258 0.09651055646809022 0.10179880613757461 0.0993149312928168 0.08136693241456672 0.08108649493209406 0.0979928688754457 0.09875405632787147 0.07944393253475422 0.0828091823244261 0.09310524418092224 0.10243980609751212 0.0999959937502504 0.0 0.07663955771002764 0.07712030767998077 0.08260886983694564 0.08316974480189095 0.08577380713913706 0.09242418172348864 0.09066143183366052 0.08176755738952766 0.0848523696967269 0.095989744000641 0.12275149232803173 0.09827330635791835 0.09570930651816835 0.08096630743960578 0.12655742959016064 0.10235968110251993 0.09875405632787147 0.1012779936701254 0.10400224349985979 0.12475461720283643 0.12170986739313329 0.09695124394054726 0.07944393253475422 0.07972437001722688 0.126276992107688 0.08457193221425424 0.08385080725932455 0.10215936861503946 0.07744080765994953 0.09783261888546133 0.09979568126276993 0.12611674211770363
0.11093305556668402 0.1032009935499379 0.09843355634790273 0.09715155642802772 0.0946676815832699 0.09759224390048475 0.09787268138295742 0.0979928688754457 0.09895436881535195 0.09631024398060975 0.09606986899563319 0.09358599415087536 0.0920235567485277 0.09578943151316054 0.1189455550659028 0.09867393133287929 0.094707744080766 0.10015624374023477 0.09751211890549256 0.07972437001722688 0.08160730739954329 0.09426705660830896 0.09919474380032851 0.08188774488201594 0.08108649493209406 0.09186330675854333 0.09919474380032851 0.09947518128280117 0.07663955771002764 0.0 0.08044549497215657 0.08072593245462922 0.08345018228436361 0.08661511958655503 0.09110211930611754 0.09102199431112536 0.08365049477184408 0.07984455750971516 0.09594968150314491 0.12046792997075438 0.095989744000641 0.09526861904571131 0.07916349505228155 0.12251111734305517 0.09975561876527382 0.09967549377028163 0.09899443131284805 0.10316093105244181 0.12110892993069187 0.11822443011097312 0.09835343135291054 0.0815672449020472 0.0808861824446136 0.12471455470534033 0.08421136973678939 0.08300949481190657 0.09987580625776211 0.07972437001722688 0.0973118064180121 0.10167861864508633 0.12247105484555908
0.10620568086214495 0.10087736869516446 0.09875405632787147 0.0965906814630824 0.09635030647810584 0.09486799407075037 0.09755218140298866 0.09743199391050038 0.09687111894555507 0.09422699411081287 0.09502824406073475 0.09246424422098473 0.09186330675854333 0.09410680661832459 0.12046792997075438 0.09619005648812147 0.09639036897560194 0.09903449381034414 0.09887424382035977 0.08076599495212532 0.08104643243459797 0.09386643163334803 0.09967549377028163 0.078923120067305 0.08108649493209406 0.09442730659829333 0.10119786867513321 0.0985938063378871 0.07712030767998077 0.08044549497215657 0.0 0.07920355754977765 0.08272905732943392 0.08445174472176596 0.09110211930611754 0.08901886943632066 0.08148711990705501 0.08264893233444173 0.09314530667841833 0.12046792997075438 0.09639036897560194 0.0946276190857738 0.07980449501221906 0.12403349224790673 0.10079724370017226 0.098553743840391 0.09594968150314491 0.10227955610752774 0.12102880493569969 0.11934618004086375 0.09394655662834021 0.08060574496214094 0.08024518248467609 0.12247105484555908 0.08308961980689876 0.08004486999719562 0.09827330635791835 0.07964424502223469 0.09562918152317615 0.0966307439605785 0.12335242979047314
0.10536436841472697 0.10364168102239493 0.1005568687151957 0.09703136893553944 0.09807299387043789 0.09835343135291054 0.10031649373021914 0.10011618124273867 0.09643043147309803 0.09835343135291054 0.09819318136292617 0.09514843155322303 0.09374624414085975 0.10095749369015665 0.12211049236809422 0.09919474380032851 0.09635030647810584 0.10099755618765274 0.09971555626777773 0.08328993229437923 0.0861343696166019 0.0953487440407035 0.10003605624774649 0.08160730739954329 0.08401105724930892 0.09390649413084412 0.10003605624774649 0.10007611874524258 0.08260886983694564 0.08072593245462922 0.07920355754977765 0.0 0.08717599455150034 0.08577380713913706 0.0907415568286527 0.09282480669844959 0.0860943071191058 0.08397099475181283 0.09831336885541445 0.12219061736308641 0.09651055646809022 0.0953086815432074 0.08072593245462922 0.1249549296903169 0.10067705620768398 0.10235968110251993 0.10199911862505509 0.10135811866511758 0.12355274227795361 0.12026761748327391 0.09775249389046914 0.08529305716918392 0.08172749489203157 0.1268378670726333 0.0868154320740355 0.08529305716918392 0.10079724370017226 0.08304955730940267 0.09815311886543007 0.10308080605744963 0.12411361724289892
0.10880974319939105 0.10308080605744963 0.09655061896558631 0.09446736909578943 0.09438724410079724 0.09699130643804335 0.10215936861503946 0.10155843115259805 0.10019630623773086 0.09578943151316054 0.09546893153319178 0.09370618164336365 0.09454749409078161 0.09510836905572694 0.12002724249829734 0.09590961900564882 0.09963543127278554 0.10235968110251993 0.10163855614759024 0.08649493209406675 0.08565361964664878 0.09903449381034414 0.10075718120267617 0.0855334321541605 0.0893794319137855 0.09286486919594568 0.10428268098233244 0.10143824366010977 0.08316974480189095 0.08345018228436361 0.08272905732943392 0.08717599455150034 0.0 0.08673530707904331 0.09034093185369176 0.09146268178358238 0.08441168222426985 0.08196786987700813 0.09374624414085975 0.12002724249829734 0.09851368134289491 0.09971555626777773 0.08633468210408236 0.12327230479548094 0.10404230599735588 0.09963543127278554 0.09759224390048475 0.10207924362004728 0.12203036737310204 0.11994711750330515 0.09454749409078161 0.09090180681863708 0.08629461960658627 0.12507511718280517 0.08729618204398862 0.08593405712912143 0.10175874364007852 0.08521293217419174 0.09526861904571131 0.09779255638796523 0.12355274227795361
