0.0 0.19662040161228547 0.19702164912728665 0.12479709642707326 0.1956172828247825 0.19454120994364296 0.19190574331102153 0.19146801874920205 0.06777435298838207 0.1898083131189699 0.06850389392474786 0.06859508654179358 0.12071166718342483 0.19924674898320233 0.19973006985354466 0.19273559612613764 0.1913312298236335 0.19036458808294882 0.20183661930730087 0.20045049152820588 0.20243849057980265 0.19999452844297724 0.1944317788031881 0.19045578069999453 0.19546225537580478 0.19652920899523973 0.06856772875667987 0.19303653176238852 0.19131299130022433 0.19974830837695381 0.19739553885717412 0.19517043900125847 0.1955899250396688 0.19541665906728192 0.1941582009520509 0.19102117492567802 0.19714931879115066 0.19590909919932883 0.19652008973353519 0.19794269455944846 0.1972040343613781 0.19758704335297014 0.19995805139615896 0.19498805376716702 0.193474256324208 0.22697842382680697 0.19512484269273558 0.1969395757719455 0.1951613197395539 0.19665687865910375 0.19465064108409783 0.19540753980557735 0.1939028616243229 0.19600941107807912 0.12271790475843075 0.12152328147513178 0.06654325265826479 0.12319210636706852 0.19174159660033924 0.06807528862463295 0.19113972532783746 0.1995112075726349 0.1998759780408178 0.19577231027376024 0.18251290375531198 0.19602764960148827 0.19217020190045414 0.19693045651024094 0.19095734009374601 0.07073811304236809 0.19973006985354466 0.20218315125207464 0.06919695781429536
0.19662040161228547 0.0 0.0751609549690857 0.1871637272246439 0.07784201791022999 0.07581754181181491 0.10841890240566124 0.1071786828138394 0.19623739262069342 0.10562840832406209 0.19676630979955861 0.19629210819092086 0.18601470024986777 0.08502799613343304 0.0889401594046946 0.10813620529281949 0.1082638749566835 0.10799029710554633 0.08896751718980832 0.08727133451275784 0.08843860001094311 0.08924109504094549 0.08254755694978934 0.10855569133122982 0.0826296303051305 0.08276641923069908 0.19805212569990333 0.10871071878020755 0.111473855076693 0.08797351766400992 0.0773404585164785 0.08102464024512575 0.08297616224990424 0.08154443816228638 0.08344124459683744 0.10782615039486403 0.08417078553320323 0.08282113480092651 0.08297616224990424 0.08253843768808478 0.0834230060734283 0.08568458297616224 0.08763610498094074 0.08064163125353371 0.08038629192580568 0.1167903846504587 0.08128909883455836 0.08321326305422314 0.07651060570136242 0.07722190811431906 0.07702128435681847 0.08264786882853964 0.08223750205183389 0.08403399660763465 0.18820332305896514 0.1875923325247588 0.19506100786080358 0.18710901165441646 0.10741578361815828 0.19728610771671926 0.107506976235204 0.08835652665560197 0.0883747651790111 0.08410695070127122 0.15917671305331121 0.08370570318627003 0.1109084608510095 0.08387896915865692 0.11078991044885006 0.1979244560360393 0.08766346276605445 0.08840212296412482 0.19579966805887394
0.19702164912728665 0.0751609549690857 0.0 0.18690838789691586 0.07669299093545387 0.07510623939885827 0.10925787448248189 0.10586550912838097 0.19689397946342263 0.10515420671542432 0.19694869503365006 0.19682102536978607 0.18707253460759818 0.0832223823159277 0.0859308030421857 0.10649473818599646 0.10780791187145489 0.1076072881139543 0.08628645424866403 0.08679713290412008 0.08546572069525252 0.08730781155957613 0.07959291615750788 0.1076072881139543 0.08213719017308359 0.08092432836637546 0.19830746502763136 0.10754345328202229 0.11027011253168943 0.08562074814423025 0.07655620200988528 0.07907311824034727 0.07881777891261924 0.08003064071932736 0.08119790621751263 0.10691422422440679 0.08112495212387605 0.08139852997501322 0.08058691568330628 0.08080577796421602 0.08004887924273651 0.08154443816228638 0.08502799613343304 0.08118878695580806 0.07907311824034727 0.1164256141822758 0.08030421857046453 0.08153531890058181 0.07640117456090754 0.07579930328840577 0.0755257254372686 0.08091520910467088 0.07951996206387131 0.08164475004103668 0.18927939594010468 0.1873552317204399 0.19548049389921393 0.1879479837312371 0.10666800415838333 0.1973043462401284 0.10737930657133998 0.08545660143354794 0.08631381203377775 0.08253843768808478 0.15850188768717285 0.08111583286217147 0.11025187400828029 0.08209159386456072 0.10962264495066479 0.19894581334695144 0.08582137190173084 0.08685184847434751 0.1959820532929654
0.12479709642707326 0.1871637272246439 0.18690838789691586 0.0 0.1866348100457787 0.18535811340713856 0.18285031643838115 0.18272264677451713 0.12359335388206971 0.18067993215269293 0.12284557442229477 0.12271790475843075 0.08426197815024895 0.18946178117419613 0.19140418391727007 0.18369840777690638 0.18267705046599428 0.18172864724871873 0.1927082383410239 0.192215798208977 0.1929818161921611 0.1905560925787448 0.18512101260281968 0.18209341771690163 0.18582319575407175 0.18701781903737075 0.12440496817377665 0.18403582045997555 0.18238523409144797 0.19113060606613289 0.18770176366521366 0.18631563588611866 0.18647978259680095 0.18616060843714094 0.1851392511262288 0.1821663718105382 0.18776559849714566 0.18681719527987015 0.18717284648634847 0.18883255211658065 0.18860457057396632 0.18860457057396632 0.19050137700851738 0.18576848018384431 0.1845464991154316 0.21753998796257454 0.18612413139032263 0.18784767185248682 0.1861058928669135 0.18725491984168963 0.1858687920625946 0.18689926863521128 0.18572288387532146 0.18711813091612103 0.08575753706979883 0.08386984989695234 0.12236225355195243 0.08486384942275073 0.1835251418045195 0.12347480347991027 0.18182895912746905 0.19007277170840248 0.19124003720658775 0.18647978259680095 0.17267322037607835 0.18717284648634847 0.18258585784894854 0.18829451567601088 0.1818107206040599 0.12435025260354922 0.19087526673840485 0.19285414652829708 0.12299148260956792
0.1956172828247825 0.07784201791022999 0.07669299093545387 0.1866348100457787 0.0 0.07716719254409163 0.10832770978861551 0.10593846322201754 0.1953619434970545 0.10544602308997064 0.19539842054387277 0.19486950336500758 0.1855769756880483 0.08387896915865692 0.08640500465082347 0.10616644476463186 0.10693246274781594 0.10702365536486166 0.08561162888252567 0.08453555600138613 0.08688832552116581 0.08615878458480002 0.08026774152364624 0.10678655456054278 0.08177241970490069 0.08218278648160644 0.1967389520144449 0.10761640737565886 0.10943114045486878 0.08573017928468511 0.07706688066534133 0.07803352240602601 0.08020390669171423 0.08035893414069196 0.0822010250050156 0.1072425176457714 0.08201863977092415 0.08134381440478579 0.08151708037717266 0.08086049353444345 0.08196392420069672 0.08214630943478816 0.08479089532911416 0.08002152145762279 0.07925550347443872 0.11482062412227106 0.0781338342847763 0.08033157635557825 0.07683889912272703 0.07765963267613854 0.07634645899068011 0.08069634682376114 0.08001240219591822 0.07980265917671306 0.18738258950555364 0.18538547119225227 0.19369311860511773 0.18641594776486894 0.10657681154133761 0.19602764960148827 0.10829123274179722 0.08680625216582466 0.08583961042513998 0.0827937770158128 0.15890313520217403 0.08346860238195115 0.10906636998668588 0.0830947126520637 0.10922139743566361 0.1969395757719455 0.08481825311422787 0.08763610498094074 0.19474183370114356
0.19454120994364296 0.07581754181181491 0.07510623939885827 0.18535811340713856 0.07716719254409163 0.0 0.10617556402633643 0.1041693264513305 0.1942311550456875 0.10327563880428241 0.19494245745864414 0.1939393386711412 0.18424556347918072 0.08293056594138139 0.08489120720786446 0.1058199128198581 0.1063488299987233 0.10543690382826607 0.08482737237593245 0.08599463787411771 0.08597639935070857 0.08650531652957377 0.07944700797023473 0.10523628007076546 0.08002152145762279 0.08046836528114684 0.19566287913330538 0.10551897718360721 0.10890222327600357 0.08459939083331813 0.07606376187783837 0.07838005435079975 0.0814076492367178 0.07895456783818781 0.08030421857046453 0.10503565631326488 0.08030421857046453 0.07957467763409874 0.0810428787685349 0.07976618212989477 0.08048660380455598 0.08052308085137427 0.08395192325229349 0.07900016414671068 0.07768699046125226 0.11449233070090646 0.07908223750205183 0.07914607233398384 0.0758904959054515 0.07578106476499663 0.07388425833044557 0.07889073300625582 0.07798792609750314 0.08060515420671542 0.18603293877327692 0.1849842236772511 0.1931094858560251 0.185412828977366 0.10606613288588156 0.1951522004778493 0.10586550912838097 0.08545660143354794 0.08505535391854675 0.0807145853471703 0.15744405332944245 0.08159003447080924 0.10848273723759325 0.08167210782615039 0.10807237046088748 0.19593645698444254 0.08538364733991136 0.08561162888252567 0.19344689853909428
0.19190574331102153 0.10841890240566124 0.10925787448248189 0.18285031643838115 0.10832770978861551 0.10617556402633643 0.0 0.09049955315617647 0.19174159660033924 0.08913166390049061 0.19192398183443068 0.19217932116215872 0.18206605993178793 0.1097867916613471 0.1107443141403272 0.09247843294606868 0.0896332232942421 0.09039924127742618 0.11130058910430611 0.11175655218953473 0.11213956118112678 0.11144649729157928 0.10577431651133525 0.09080048879242736 0.10640354556895074 0.10736106804793084 0.19375695343704974 0.09073665396049536 0.09406518448266428 0.10913932408032245 0.10853745280782068 0.10844626019077495 0.10689598570099765 0.1084006638822521 0.10590198617519926 0.08886720531105802 0.10752521475861314 0.1064491418774736 0.10888398475259443 0.10751609549690858 0.10851009502270696 0.10843714092907038 0.10858304911634355 0.10731547173940797 0.10609349067099527 0.14335479399587808 0.10663152711156505 0.10687774717758851 0.10712396724361195 0.10823651717156979 0.10745226066497657 0.10753433402031772 0.10736106804793084 0.10769848073100002 0.18513013186452426 0.18251290375531198 0.1906928815043134 0.18423644421747615 0.08993415893049299 0.1925532108920462 0.0891681409473089 0.11048897481259917 0.11034306662532602 0.10755257254372685 0.15034014846158056 0.10731547173940797 0.09114702073720111 0.10830947126520638 0.09496799139141696 0.19375695343704974 0.11079902971055464 0.11246785460249138 0.19170511955352096
0.19146801874920205 0.1071786828138394 0.10586550912838097 0.18272264677451713 0.10593846322201754 0.1041693264513305 0.09049955315617647 0.0 0.19159568841306607 0.08776377464480475 0.1920151744514764 0.19093910157033686 0.18166481241678673 0.10761640737565886 0.1086286454248664 0.0903262871837896 0.08850243484287512 0.08850243484287512 0.10861952616316183 0.10960440642725565 0.10931259005270934 0.1090572507249813 0.10245490525087089 0.0889401594046946 0.10439730799394481 0.10650385744770104 0.19302741250068395 0.08825621477685167 0.09386456072516369 0.10653121523281475 0.10571048167940324 0.10421492275985336 0.10498094074303745 0.10504477557496945 0.10393222564701161 0.08766346276605445 0.10391398712360247 0.10424228054496708 0.10538218825803863 0.10457969322803626 0.104862390340878 0.10508125262178775 0.1073063524777034 0.1054551423516752 0.10312061135530468 0.13923288770541137 0.10302029947655438 0.10381367524485217 0.10460705101314997 0.10353097813201043 0.10322092323405498 0.10364952853416988 0.10296558390632694 0.10673183899031534 0.18452826059202246 0.1828047201298583 0.19067464298090428 0.18394462784292984 0.08849331558117055 0.19204253223659012 0.09031716792208502 0.11001477320396141 0.10828211348009265 0.1044337850407631 0.14984770832953365 0.10470736289190027 0.09198599281402178 0.10635794926042788 0.09173977274799833 0.1930456510240931 0.1079355815353189 0.1104433785040763 0.1906290466723814
0.06777435298838207 0.19623739262069342 0.19689397946342263 0.12359335388206971 0.1953619434970545 0.1942311550456875 0.19174159660033924 0.19159568841306607 0.0 0.19035546882124424 0.068522132448157 0.06764668332451805 0.12031041966842364 0.19900964817888345 0.19945649200240748 0.19266264203250105 0.19074759707454084 0.19027339546590308 0.20130770212843568 0.20024986777070528 0.20214667420525634 0.1993561801236572 0.1943953017563698 0.1900362946615842 0.19540753980557735 0.19656568604205804 0.06834886647577013 0.19303653176238852 0.19114884458954204 0.19967535428331723 0.1972678691933101 0.1951522004778493 0.1959546955078517 0.19519779678637217 0.1938663845775046 0.19085702821499573 0.19694869503365006 0.19583614510569225 0.19628298892921628 0.19781502489558445 0.19745937368910613 0.19722227288478725 0.1994473727407029 0.1951886775246676 0.19349249484761713 0.22688723120976126 0.1953619434970545 0.19621003483557972 0.19585438362910138 0.19702164912728665 0.1943953017563698 0.19544401685239562 0.1942676320925058 0.1957905487971694 0.12361159240547885 0.1203560159769465 0.0673639862116763 0.12300972113297708 0.19143154170238377 0.0665067756114465 0.19095734009374601 0.19929234529172518 0.20016779441536414 0.19533458571194076 0.1820387021466742 0.19597293403126084 0.1924802567984096 0.1977329515402433 0.19093910157033686 0.07126703022123329 0.19936529938536177 0.20136241769866312 0.0678290685586095
0.1898083131189699 0.10562840832406209 0.10515420671542432 0.18067993215269293 0.10544602308997064 0.10327563880428241 0.08913166390049061 0.08776377464480475 0.19035546882124424 0.0 0.1899724598296522 0.18951649674442358 0.18119061080814897 0.10664976563497419 0.10853745280782068 0.08806471028105564 0.08733516934468985 0.08786408652355505 0.1082000401247515 0.10898429663134472 0.10894781958452644 0.1082000401247515 0.10232723558700688 0.0871527841105984 0.10372248262780645 0.10615732550292728 0.19186014700249868 0.08736252712980357 0.0931350197887979 0.10675007751372449 0.1056557661091758 0.1039048678618979 0.10494446369621915 0.10504477557496945 0.10391398712360247 0.08658738988491492 0.1039687026938299 0.10429699611519451 0.10609349067099527 0.10536394973462948 0.10497182148133287 0.10633971073701873 0.10674095825201992 0.10355833591712416 0.1026828867934852 0.1382662459647267 0.10402341826405734 0.10361305148735159 0.10447938134928596 0.10519068376224261 0.10351273960860129 0.10346714330007843 0.10382279450655675 0.10521804154735633 0.18423644421747615 0.18192927100621933 0.18839482755476117 0.1821025369786062 0.08842036148753397 0.19067464298090428 0.08894927866639916 0.10935818636123219 0.10778967334804575 0.10419668423644422 0.149391745244305 0.10591110543690382 0.0912199748308377 0.10455233544292254 0.092706414488683 0.1917871929088621 0.10764376516077258 0.10967736052089223 0.18927939594010468
0.06850389392474786 0.19676630979955861 0.19694869503365006 0.12284557442229477 0.19539842054387277 0.19494245745864414 0.19192398183443068 0.1920151744514764 0.068522132448157 0.1899724598296522 0.0 0.06529391380473837 0.12040161228546936 0.1994838497875212 0.19938353790877092 0.1933009903518211 0.1913494683470426 0.19034634955953966 0.20145361031570885 0.200341060387751 0.2020919586350289 0.19942913421729377 0.19412172390523263 0.19021867989567565 0.1955534479928505 0.19709460322092323 0.0683853435225884 0.19272647686443306 0.1909664593554506 0.19974830837695381 0.19794269455944846 0.19504276933739445 0.1957175947035328 0.19563552134819165 0.19446825585000638 0.19131299130022433 0.19745937368910613 0.19620091557387515 0.19695781429535464 0.1976691167083113 0.19745937368910613 0.19762352039978842 0.2000492440132047 0.19557168651625964 0.19434970544784694 0.22739790986521732 0.19507012712250815 0.19692133724853636 0.19596381476955627 0.19713108026774154 0.19490598041182586 0.19562640208648707 0.19448649437341553 0.1957540717503511 0.12295500556274964 0.1201918692662642 0.06729103211803972 0.12269966623502161 0.1916868810301118 0.06643382151780992 0.1910302941873826 0.19909172153422458 0.19963887723649892 0.19566287913330538 0.1819657480530376 0.19600941107807912 0.19165952324499808 0.19758704335297014 0.19079319338306372 0.06953437049736454 0.19956592314286237 0.20178190373707344 0.06702657352860712
0.06859508654179358 0.19629210819092086 0.19682102536978607 0.12271790475843075 0.19486950336500758 0.1939393386711412 0.19217932116215872 0.19093910157033686 0.06764668332451805 0.18951649674442358 0.06529391380473837 0.0 0.12001860329387733 0.19884550146820112 0.19949296904922578 0.19295445840704736 0.1910941290193146 0.19051049627022196 0.20096117018366194 0.20003100548979555 0.20201900454139232 0.19970271206843093 0.19397581571795947 0.1903281110361305 0.19520691604807675 0.1963468237611483 0.06741870178190373 0.1927447153878422 0.19124003720658775 0.1995841616662715 0.1978332634189936 0.19529810866512248 0.19566287913330538 0.19486950336500758 0.19375695343704974 0.19083878969158657 0.19725874993160553 0.19547137463750935 0.19611884221853398 0.1975596855678564 0.19707636469751408 0.19751408925933356 0.20015867515365957 0.19520691604807675 0.1940943661201189 0.22732495577158074 0.194924218935235 0.19610060369512483 0.1956172828247825 0.19636506228455744 0.19437706323296067 0.1953893012821682 0.19450473289682468 0.19560816356307795 0.12226194167320213 0.12013715369603677 0.06555837239417096 0.12233489576683872 0.1913950646555655 0.06502945521530577 0.19084790895329115 0.19952944609604406 0.19996717065786354 0.19535282423534991 0.181509784967809 0.1959546955078517 0.19124003720658775 0.1970398876506958 0.19073847781283626 0.06887778365463532 0.19989421656422696 0.20165423407320943 0.06589578507724014
0.12071166718342483 0.18601470024986777 0.18707253460759818 0.08426197815024895 0.1855769756880483 0.18424556347918072 0.18206605993178793 0.18166481241678673 0.12031041966842364 0.18119061080814897 0.12040161228546936 0.12001860329387733 0.0 0.1885498550037389 0.18990862499772018 0.18234875704462966 0.18123620711667182 0.18096262926553466 0.19154097284283864 0.19044666143828995 0.19197869740465812 0.18873224023783033 0.18420908643236245 0.18105382188258037 0.18500246220066024 0.18608765434350436 0.12166918966240493 0.1835980958981561 0.18123620711667182 0.1898356709040836 0.18624268179248207 0.18536723266884314 0.18480183844315964 0.18515748964963796 0.18331539878531433 0.18140035382735414 0.18585055353918548 0.18510277407941053 0.18668040635430155 0.1876288095715771 0.1874555435991902 0.18813036896532856 0.18885990990169435 0.18500246220066024 0.18317860985974577 0.21706578635393678 0.18461033394736362 0.18662569078407412 0.18512101260281968 0.18554049864123 0.18446442576009045 0.1849112695836145 0.184026701198271 0.18560433347316202 0.08384249211183863 0.08113407138558063 0.11900636524466979 0.08362362983092889 0.18177424355724162 0.12110379543672144 0.18131828047201298 0.18886902916339893 0.18941618486567327 0.18520308595816082 0.17272793594630578 0.1860420580349815 0.18169217020190045 0.18701781903737075 0.18148242718269528 0.12083021758558427 0.18905141439749037 0.19126739499170148 0.12045632785569681
0.19924674898320233 0.08502799613343304 0.0832223823159277 0.18946178117419613 0.08387896915865692 0.08293056594138139 0.1097867916613471 0.10761640737565886 0.19900964817888345 0.10664976563497419 0.1994838497875212 0.19884550146820112 0.1885498550037389 0.0 0.0785989166317095 0.10888398475259443 0.1091575626037316 0.10881103065895785 0.07693009173977275 0.07558044100749603 0.07762315562932025 0.07753196301227452 0.07709423845045506 0.10939466340805049 0.07533422094147257 0.07860803589341407 0.20115267467945794 0.10907548924839044 0.11309708366010687 0.07602728483102009 0.08293968520308596 0.07577194550329205 0.07775994455488884 0.07683889912272703 0.07753196301227452 0.10921227817395904 0.07731310073136478 0.07714895402068249 0.07527950537124514 0.07690273395465903 0.07791497200386657 0.07807911871454887 0.07953820058728045 0.07775994455488884 0.07741341261011508 0.11317915701544803 0.07700304583340933 0.07600904630761093 0.08079665870251145 0.08258403399660763 0.0815079611154681 0.07726750442284193 0.0763829360374984 0.07821590764011746 0.1909208630469277 0.19018220284885737 0.19759616261467472 0.19084790895329115 0.10863776468657098 0.20036841817286472 0.10907548924839044 0.07710335771215962 0.07584489959692864 0.0777052289846614 0.15994273103649528 0.07812471502307174 0.11209396487260391 0.07510623939885827 0.11142825876817013 0.2008061427346842 0.07779642160170712 0.0784986047529592 0.1991555563661566
0.19973006985354466 0.0889401594046946 0.0859308030421857 0.19140418391727007 0.08640500465082347 0.08489120720786446 0.1107443141403272 0.1086286454248664 0.19945649200240748 0.10853745280782068 0.19938353790877092 0.19949296904922578 0.18990862499772018 0.0785989166317095 0.0 0.10991446132521111 0.11046161702748546 0.1106804793083952 0.06725455507122144 0.06468292327053202 0.06752813292235861 0.06763756406281347 0.07972970508307647 0.10920315891225446 0.0800853562895548 0.0824290065476299 0.2012347480347991 0.11165624031078444 0.1139816520454504 0.06615112440496818 0.08555691331229824 0.07937405387659816 0.0800853562895548 0.07799704535920772 0.07965675098943989 0.11002389246566598 0.08235605245399333 0.07991209031716792 0.0802495030002371 0.07904576045523354 0.0803498148789874 0.08213719017308359 0.08578489485491254 0.07990297105546335 0.07926462273614328 0.11504860566488537 0.07996680588739535 0.08066898903864743 0.08452643673968155 0.08518302358241077 0.08414342774808951 0.07840741213591347 0.07934669609148444 0.07990297105546335 0.1920790092834084 0.19088438600010943 0.19851720804683654 0.19122179868317862 0.10950409454850535 0.20039577595797844 0.11005125025077969 0.06870451768224844 0.06709952762224371 0.07782377938682085 0.16121030841343084 0.08167210782615039 0.11359864305385836 0.07285378175782889 0.11227635010669536 0.2017636652136643 0.06702657352860712 0.06690802312644768 0.19909172153422458
0.19273559612613764 0.10813620529281949 0.10649473818599646 0.18369840777690638 0.10616644476463186 0.1058199128198581 0.09247843294606868 0.0903262871837896 0.19266264203250105 0.08806471028105564 0.1933009903518211 0.19295445840704736 0.18234875704462966 0.10888398475259443 0.10991446132521111 0.0 0.0902259753050393 0.09018949825822102 0.10972295682941509 0.10954057159532364 0.11030658957850772 0.11068959857009976 0.10503565631326488 0.09029892939867588 0.10675919677542905 0.10693246274781594 0.1948239070564847 0.09231428623538639 0.09660945849823999 0.10851009502270696 0.10654033449451933 0.10648561892429188 0.10650385744770104 0.10598405953054041 0.10540042678144777 0.0907548924839045 0.10675007751372449 0.10558281201553922 0.10663152711156505 0.10597494026883583 0.10667712342008791 0.10768024220759087 0.10921227817395904 0.10493534443451458 0.10283791424246293 0.14022688723120977 0.10514508745371974 0.10610260993269985 0.10660416932645134 0.10572872020281238 0.10611172919440442 0.1055919312772438 0.1045979317514454 0.10582903208156268 0.1853763519305477 0.18345218771088292 0.1916504039832935 0.18515748964963796 0.09052691094129019 0.19376607269875432 0.09278848784402415 0.10989622280180196 0.1087289573036167 0.106248518119973 0.15259260610260994 0.106248518119973 0.09423845045505116 0.10644002261576903 0.09426580824016488 0.1949333381969396 0.10913020481861789 0.11140090098305641 0.1925532108920462
0.1913312298236335 0.1082638749566835 0.10780791187145489 0.18267705046599428 0.10693246274781594 0.1063488299987233 0.0896332232942421 0.08850243484287512 0.19074759707454084 0.08733516934468985 0.1913494683470426 0.1910941290193146 0.18123620711667182 0.1091575626037316 0.11046161702748546 0.0902259753050393 0.0 0.08960586550912839 0.11125499279578326 0.11037954367214431 0.11132794688941983 0.11109084608510095 0.10306589578507724 0.0898976818836747 0.10643090335406445 0.1083003520035018 0.19263528424738732 0.08937788396651407 0.09405606522095972 0.10792646227361433 0.10737930657133998 0.10544602308997064 0.10548250013678892 0.10749785697349942 0.106057013624177 0.08978825074321983 0.10530923416440205 0.1051268489303106 0.10725163690747597 0.1064491418774736 0.106184683288041 0.1072425176457714 0.10912108555691331 0.10599317879224499 0.10508125262178775 0.1420325010487151 0.10558281201553922 0.10630323369020044 0.10558281201553922 0.1076072881139543 0.1067136004669062 0.10621204107315471 0.10576519724963067 0.1068139123456565 0.18493862736872824 0.18254026154042569 0.19002717539987962 0.18306005945758633 0.08897663645151288 0.1917598351237484 0.09056338798810848 0.11175655218953473 0.11055280964453118 0.10739754509474912 0.15171715697897098 0.10685038939247478 0.09305294643345675 0.1084644987141841 0.09410166152948257 0.19289062357511536 0.11013332360612085 0.11223987305987707 0.19082055116817742
0.19036458808294882 0.10799029710554633 0.1076072881139543 0.18172864724871873 0.10702365536486166 0.10543690382826607 0.09039924127742618 0.08850243484287512 0.19027339546590308 0.08786408652355505 0.19034634955953966 0.19051049627022196 0.18096262926553466 0.10881103065895785 0.1106804793083952 0.09018949825822102 0.08960586550912839 0.0 0.11072607561691805 0.11012420434441628 0.11063488299987233 0.11125499279578326 0.10439730799394481 0.08947819584526437 0.10582903208156268 0.10656769227963304 0.19245289901329588 0.08968793886446953 0.09391015703368655 0.10913020481861789 0.1066132885881559 0.10601141731565412 0.1073063524777034 0.10746137992668113 0.10488974812599172 0.08935052618140035 0.10700541684145251 0.10567400463258494 0.10683215086906564 0.10597494026883583 0.10755257254372685 0.10795382005872804 0.1091940396505499 0.10615732550292728 0.10382279450655675 0.1402451257546189 0.10478031698553684 0.10646738040088274 0.10616644476463186 0.10640354556895074 0.10572872020281238 0.10488062886428715 0.10478031698553684 0.10619380254974557 0.1835524995896332 0.18235787630633424 0.18962592788487845 0.18315125207463204 0.08870305860037571 0.1914862572726112 0.08956026920060552 0.11139178172135183 0.10996917689543854 0.10626675664338216 0.15151653322147038 0.10650385744770104 0.0914844334202703 0.10757081106713601 0.09379160663152711 0.19232522934943186 0.11004213098907513 0.1111090846085101 0.18998157909135677
0.20183661930730087 0.08896751718980832 0.08628645424866403 0.1927082383410239 0.08561162888252567 0.08482737237593245 0.11130058910430611 0.10861952616316183 0.20130770212843568 0.1082000401247515 0.20145361031570885 0.20096117018366194 0.19154097284283864 0.07693009173977275 0.06725455507122144 0.10972295682941509 0.11125499279578326 0.11072607561691805 0.0 0.06525743675792008 0.06263108938700322 0.06374363931496106 0.07946524649364388 0.10944937897827792 0.0791278338105747 0.08156267668569553 0.2034142515821919 0.11106348829998723 0.11428258768170128 0.06661620675190137 0.08532893176968392 0.07985737474694049 0.08093344762808002 0.07811559576136716 0.08037717266410112 0.11008772729759798 0.08035893414069196 0.0797205858213719 0.07836181582739062 0.07885425595943753 0.08085137427273888 0.08006711776614565 0.08442612486093126 0.0803498148789874 0.0785624395848912 0.11567783472250087 0.07809735723795802 0.07938317313830272 0.084644987141841 0.08437140929070383 0.0834230060734283 0.0782341461635266 0.07922814568932499 0.07830710025716318 0.19371135712852688 0.192151963377045 0.1999854091812727 0.1925440916303416 0.10878367287384413 0.20213755494355176 0.10951321381020993 0.0664702985646282 0.06521184044939722 0.07765051341443396 0.1621495923690018 0.0798208977001222 0.11296941399624287 0.07266227726203286 0.11294205621112914 0.20350544419923763 0.06539422568348867 0.06600521621769502 0.2011435554177534
0.20045049152820588 0.08727133451275784 0.08679713290412008 0.192215798208977 0.08453555600138613 0.08599463787411771 0.11175655218953473 0.10960440642725565 0.20024986777070528 0.10898429663134472 0.200341060387751 0.20003100548979555 0.19044666143828995 0.07558044100749603 0.06468292327053202 0.10954057159532364 0.11037954367214431 0.11012420434441628 0.06525743675792008 0.0 0.06542158346860238 0.06574987688996699 0.07851684327636835 0.10924875522077733 0.07905487971693811 0.0815079611154681 0.20221050903718835 0.11084462601907749 0.11349833117510806 0.06513888635576064 0.08598551861241314 0.0797844206533039 0.08160827299421838 0.07758667858250196 0.07851684327636835 0.10990534206350654 0.08085137427273888 0.07811559576136716 0.07887249448284667 0.07940141166171187 0.07993944810228164 0.08023126447682796 0.08329533640956428 0.07943788870853016 0.07779642160170712 0.11452880774772474 0.07953820058728045 0.07845300844443634 0.0841160699629758 0.08469970271206843 0.08426197815024895 0.0772127888526145 0.07716719254409163 0.07885425595943753 0.19248937606011418 0.19160480767477064 0.1991281985810429 0.19199693592806727 0.10796293932043262 0.20111619763263966 0.10987798427839282 0.06721807802440315 0.06543070273030696 0.07792409126557114 0.1616571522369549 0.08009447555125937 0.11344361560488063 0.07105728720202813 0.1123949005088548 0.2027211876926444 0.06502945521530577 0.06580459246019442 0.20023162924729615
0.20243849057980265 0.08843860001094311 0.08546572069525252 0.1929818161921611 0.08688832552116581 0.08597639935070857 0.11213956118112678 0.10931259005270934 0.20214667420525634 0.10894781958452644 0.2020919586350289 0.20201900454139232 0.19197869740465812 0.07762315562932025 0.06752813292235861 0.11030658957850772 0.11132794688941983 0.11063488299987233 0.06263108938700322 0.06542158346860238 0.0 0.06538510642178409 0.07966587025114447 0.11010596582100714 0.08086049353444345 0.08254755694978934 0.20394316876105711 0.11151945138521585 0.11501212861806707 0.06885954513122618 0.08549307848036623 0.07938317313830272 0.08069634682376114 0.0790275219318244 0.08132557588137665 0.11034306662532602 0.08158091520910467 0.08061427346842 0.07965675098943989 0.07958379689580332 0.08201863977092415 0.08154443816228638 0.08440788633752211 0.08042276897262397 0.0798208977001222 0.11536777982454541 0.07755020153568368 0.07985737474694049 0.08364186835433804 0.08413430848638494 0.08355067573729232 0.07803352240602601 0.07911871454887012 0.0807145853471703 0.19403965054989147 0.19282678874318335 0.20071495011763849 0.19358368746466287 0.10965912199748308 0.20270294916923526 0.11042513998066716 0.06570428058144413 0.06462820770030459 0.07675682576738588 0.16198544565831952 0.07963851246603075 0.11278702876215142 0.07226102974703168 0.11303324882817486 0.20472742526765034 0.06409929052143938 0.06651589487315107 0.20207372011161975
0.19999452844297724 0.08924109504094549 0.08730781155957613 0.1905560925787448 0.08615878458480002 0.08650531652957377 0.11144649729157928 0.1090572507249813 0.1993561801236572 0.1082000401247515 0.19942913421729377 0.19970271206843093 0.18873224023783033 0.07753196301227452 0.06763756406281347 0.11068959857009976 0.11109084608510095 0.11125499279578326 0.06374363931496106 0.06574987688996699 0.06538510642178409 0.0 0.07858979737000492 0.11041602071896259 0.07887249448284667 0.08251107990297106 0.20124386729650368 0.11246785460249138 0.11430082620511044 0.06875011399077131 0.08587608747195827 0.08005799850444108 0.08007623702785023 0.07873570555727809 0.08043188823432855 0.10910284703350416 0.08110671360046691 0.07961115468091703 0.07839829287420891 0.07796056831238943 0.08059603494501086 0.08004887924273651 0.08234693319228875 0.07991209031716792 0.0798208977001222 0.1150394864031808 0.07855332032318664 0.08024038373853253 0.0851374272738879 0.08493680351638731 0.08376953801820204 0.07967498951284904 0.0795564391106896 0.07994856736398621 0.19208812854511298 0.19045578069999453 0.19817979536376734 0.19086614747670028 0.10940378266975506 0.200277225555819 0.11130058910430611 0.06802057305440551 0.06685330755622025 0.07799704535920772 0.16154772109650004 0.07918254938080213 0.11333418446442577 0.07372011161976326 0.11297853325794743 0.2017363074285506 0.06694450017326598 0.06854037097156614 0.19933794160024804
0.1944317788031881 0.08254755694978934 0.07959291615750788 0.18512101260281968 0.08026774152364624 0.07944700797023473 0.10577431651133525 0.10245490525087089 0.1943953017563698 0.10232723558700688 0.19412172390523263 0.19397581571795947 0.18420908643236245 0.07709423845045506 0.07972970508307647 0.10503565631326488 0.10306589578507724 0.10439730799394481 0.07946524649364388 0.07851684327636835 0.07966587025114447 0.07858979737000492 0.0 0.10364952853416988 0.07400280873260501 0.07408488208794616 0.19562640208648707 0.10495358295792373 0.10786262744168232 0.07878130186580094 0.08002152145762279 0.07478706523919823 0.07706688066534133 0.07497856973499425 0.07545277134363201 0.10436083094712652 0.07457732221999307 0.07392073537726386 0.07230662605555455 0.07411223987305987 0.07505152382863084 0.07423079027521932 0.07702128435681847 0.07593609221397436 0.0737109923580587 0.1104433785040763 0.07399368947090043 0.07451348738806106 0.07817031133159459 0.07749548596545623 0.07944700797023473 0.07655620200988528 0.07698480731000018 0.0759543307373835 0.1867260026628244 0.18560433347316202 0.1927447153878422 0.18601470024986777 0.10302029947655438 0.1953893012821682 0.10468000510678656 0.079291980521257 0.07796056831238943 0.0762826241587481 0.15622207226102974 0.07345565303033066 0.10766200368418173 0.07724014663772821 0.10588374765179011 0.1960823651717157 0.07932845756807529 0.08134381440478579 0.19381166900727717
0.19045578069999453 0.10855569133122982 0.1076072881139543 0.18209341771690163 0.10678655456054278 0.10523628007076546 0.09080048879242736 0.0889401594046946 0.1900362946615842 0.0871527841105984 0.19021867989567565 0.1903281110361305 0.18105382188258037 0.10939466340805049 0.10920315891225446 0.09029892939867588 0.0898976818836747 0.08947819584526437 0.10944937897827792 0.10924875522077733 0.11010596582100714 0.11041602071896259 0.10364952853416988 0.0 0.10562840832406209 0.10722427912236225 0.19194222035783984 0.08965146181765124 0.0949862299148261 0.10710572872020281 0.10668624268179248 0.10575607798792609 0.10648561892429188 0.10653121523281475 0.10538218825803863 0.08832916887048825 0.10569224315599408 0.10527275711758376 0.10608437140929071 0.10495358295792373 0.10633059147531417 0.10747961845009028 0.10959528716555107 0.10586550912838097 0.10373160188951103 0.14062813474621094 0.1051633259771289 0.1055919312772438 0.10591110543690382 0.10616644476463186 0.10594758248372212 0.10435171168542196 0.10472560141530941 0.10646738040088274 0.18430027904940816 0.18177424355724162 0.18876871728464864 0.18262233489576685 0.09074577322219993 0.19117620237465574 0.09092815845629137 0.11013332360612085 0.10885662696748072 0.10612084845610899 0.15069579966805888 0.10657681154133761 0.09330828576118477 0.10607525214758613 0.09360922139743566 0.19206989002170385 0.11016980065293913 0.11174743292783017 0.18948913895930986
0.19546225537580478 0.0826296303051305 0.08213719017308359 0.18582319575407175 0.08177241970490069 0.08002152145762279 0.10640354556895074 0.10439730799394481 0.19540753980557735 0.10372248262780645 0.1955534479928505 0.19520691604807675 0.18500246220066024 0.07533422094147257 0.0800853562895548 0.10675919677542905 0.10643090335406445 0.10582903208156268 0.0791278338105747 0.07905487971693811 0.08086049353444345 0.07887249448284667 0.07400280873260501 0.10562840832406209 0.0 0.07478706523919823 0.19731346550183299 0.10654945375622389 0.10933082857611848 0.07864451294023236 0.08023126447682796 0.0749968082584034 0.07598168852249722 0.07549836765215488 0.07442229477101533 0.10533659194951576 0.07445877181783363 0.07520655127760857 0.07207864451294023 0.07366539604953583 0.07566251436283719 0.07591785369056521 0.07728574294625107 0.07609111966295208 0.07550748691385946 0.11101789199146438 0.07573546845647376 0.07494209268817596 0.07907311824034727 0.07885425595943753 0.07952908132557589 0.07625526637363439 0.07639205529920298 0.07738605482500137 0.1878841488993051 0.18698134199055244 0.19435882470955151 0.18697222272884786 0.10574695872622153 0.19649273194842146 0.10583815134326725 0.07995768662569079 0.07888161374455124 0.07459556074340222 0.1575990807784202 0.07541629429681374 0.10843714092907038 0.07650148643965785 0.10853745280782068 0.1972405114081964 0.07962939320432617 0.08149884185376352 0.19533458571194076
0.19652920899523973 0.08276641923069908 0.08092432836637546 0.18701781903737075 0.08218278648160644 0.08046836528114684 0.10736106804793084 0.10650385744770104 0.19656568604205804 0.10615732550292728 0.19709460322092323 0.1963468237611483 0.18608765434350436 0.07860803589341407 0.0824290065476299 0.10693246274781594 0.1083003520035018 0.10656769227963304 0.08156267668569553 0.0815079611154681 0.08254755694978934 0.08251107990297106 0.07408488208794616 0.10722427912236225 0.07478706523919823 0.0 0.19785150194240275 0.10790822375020519 0.11061664447646319 0.08076930091739773 0.08131645661967207 0.07580842255011035 0.07870834777216437 0.07694833026318189 0.07506976235203998 0.10658593080304218 0.07514271644567656 0.07667475241204472 0.07456820295828849 0.07527950537124514 0.07610935818636123 0.07620055080340696 0.07884513669773295 0.07838005435079975 0.07573546845647376 0.11266847835999197 0.07485090007113024 0.07535245946488173 0.0799212095788725 0.0786992285104598 0.07915519159568842 0.07768699046125226 0.07897280636159697 0.07723102737602364 0.1891517262762407 0.18711813091612103 0.19507924638421273 0.188185084535556 0.10557369275383464 0.19703076838899122 0.10701453610315709 0.08078753944080687 0.08155355742399095 0.07662915610352186 0.15872074996808258 0.07626438563533897 0.10975943387623338 0.07756844005909282 0.10863776468657098 0.19834394207444966 0.08197304346240128 0.08232869466887961 0.1967480712761495
0.06856772875667987 0.19805212569990333 0.19830746502763136 0.12440496817377665 0.1967389520144449 0.19566287913330538 0.19375695343704974 0.19302741250068395 0.06834886647577013 0.19186014700249868 0.0683853435225884 0.06741870178190373 0.12166918966240493 0.20115267467945794 0.2012347480347991 0.1948239070564847 0.19263528424738732 0.19245289901329588 0.2034142515821919 0.20221050903718835 0.20394316876105711 0.20124386729650368 0.19562640208648707 0.19194222035783984 0.19731346550183299 0.19785150194240275 0.0 0.19527075088000875 0.19292710062193366 0.2012347480347991 0.1993561801236572 0.19689397946342263 0.19693045651024094 0.19706724543580953 0.19527987014171333 0.19300005471557022 0.19841689616808622 0.19797917160626677 0.19798829086797132 0.1994838497875212 0.19896405187036056 0.1992193911980886 0.20128034434332195 0.19700341060387752 0.19567199839500993 0.22890258804647176 0.19679366758467234 0.19848073100001823 0.19776030932535701 0.19825274945740393 0.19621003483557972 0.1972405114081964 0.19580878732057852 0.19693045651024094 0.12460559193127724 0.12189717120501924 0.06771963741815462 0.12435025260354922 0.19342866001568512 0.06720895876269857 0.19311860511772966 0.2007423079027522 0.20158127997957284 0.19718579583796897 0.1831603713363366 0.19775119006365244 0.19407612759670978 0.19859928140217767 0.1924802567984096 0.07041893888270806 0.20138065622207227 0.20339601305878277 0.06869539842054387
