"","X1","X2","X3","X4","X5","X6","X7","X8","X9","X10","X11","X12","X13","X14","X15","X16","X17","X18","X19","X20","X21","X22","X23","X24","X25","X26","X27","X28","X29","X30","X31","X32","X33","X34","X35","X36","X37","X38","X39","X40","X41","X42","X43","X44","X45","X46","X47","X48","X49","X50"
"1",0,72.4219566208018,69.0264862269168,87.4242073983283,73.7736822087697,85.0602501464461,467.856296206457,467.635700592643,82.9560897949736,452.210330942807,86.9197640044923,440.972954395927,514.856670898336,469.390128196973,459.623404500376,459.885901689894,473.020794937206,98.3536914013876,479.916841206563,432.33417456864,87.063656892691,492.453762106512,351.90728954455,344.937942644582,100.099613804761,444.675059613114,439.821209797415,96.3816590611835,443.998931261769,460.144099359182,474.327838097948,89.989722496716,98.847950659655,442.027115645067,435.26527096728,441.600762018115,474.113178400517,494.728743990613,481.420914638282,481.41638457194,484.968924190317,510.706075793014,281.627947326838,287.142477266732,551.465685302874,465.657634802375,442.759457826265,438.624376990732,102.859053164708,518.380390364982
"2",72.4219566208018,0,77.7722636424438,86.7596639939789,74.2764531627607,89.7691311151425,464.406364951416,467.501923073791,90.8585409786476,452.951434758677,89.492046504942,441.04211706739,514.497236056058,470.057821012091,460.011338793745,460.937968005094,473.230345852969,95.885142295029,479.805349722416,432.123263358462,88.8081167255665,493.034769309411,354.28484060874,348.894093173573,101.756988535874,444.419326787658,439.420126949036,91.0301934992097,443.597791765698,460.992761881004,473.84589489403,93.1096220528928,102.880140119341,442.110213958522,435.154212710951,441.880490021564,474.354601322704,495.27976240316,480.466389565765,481.75121356955,486.010395780928,511.582591338787,283.587586843579,289.806075454864,554.650154953325,468.189140110442,443.689700713721,437.590716955441,106.83463817893,514.362889001653
"3",69.0264862269168,77.7722636424438,0,85.6208042264158,71.8898720766586,86.6488287984815,469.883148270125,470.145621315889,79.6736718928782,454.749699316081,77.1246145765055,444.216209416072,517.405118013507,472.360620694154,461.180304999015,462.846979113946,475.870288248656,94.4363575467573,481.289421964781,435.045857013364,78.0064291742735,495.607094183499,361.161595103131,354.283406233614,94.6971432178389,447.883650212217,442.812991220917,94.9822526252409,447.730460425788,463.466618214695,476.142645778842,83.4677305044107,92.5068102695456,444.820706593913,437.615689497148,445.203611660903,476.705584508817,496.368340122216,483.173143512771,483.488673573172,488.497696048618,512.8926755241,290.381358850768,297.278948860229,559.496173727995,472.998828021615,446.736596447445,442.146745955777,97.1185543607142,521.582026982287
"4",87.4242073983283,86.7596639939789,85.6208042264158,0,82.7832258224518,86.0847400790625,466.17180542081,465.37620602568,88.4489854609323,449.903505586217,86.1840738050164,437.412065741029,511.632406385819,467.962632448684,458.171119552276,458.465715651904,469.738224013183,96.6222449311838,477.346275394582,428.589810446777,87.1781724204503,489.983610572934,358.942419706937,350.790401253346,100.467579148031,441.018251829217,435.288066459089,94.4855127827764,440.867812531535,457.79004582118,470.784768905338,86.6808426562373,98.1460199353784,437.640918992891,431.232284770427,438.593488068493,471.266364063437,492.905778398867,477.507132696436,478.536327516892,482.244939620265,508.111245266423,286.302691786672,290.999611297037,555.556833732442,468.492253524666,439.407995585249,435.369175394381,103.616463848654,515.975228435124
"5",73.7736822087697,74.2764531627607,71.8898720766586,82.7832258224518,0,80.7131382320779,465.102105792207,463.893309943076,79.1658498009069,449.124296104842,77.245472066437,437.84345134692,510.261103170143,465.490548738202,456.456427309868,457.107436816724,469.50103748937,90.8023312247335,476.267345492627,429.385080062119,74.2343422637682,488.798955241565,353.569344146704,346.680993920764,92.4261678869889,441.289933007087,436.256482426295,91.6137758798736,441.039698180769,457.145605593693,470.486268279634,81.4256909541616,91.900320442492,438.596563045276,431.642280977535,438.416111265726,470.264053192051,491.47927864018,477.114573249057,477.264425070679,482.020041575051,507.217703967194,283.609694738524,289.022044380245,553.56129316101,466.81025057326,439.789486502367,435.340155540877,97.9634208576676,516.180918739071
"6",85.0602501464461,89.7691311151425,86.6488287984815,86.0847400790625,80.7131382320779,0,471.757775877957,471.089119500182,91.0073408231487,454.676547014924,89.9723077091281,443.263053199402,517.962089651916,472.425297631858,462.796511967891,463.178249207941,475.524852598321,103.273767466912,482.126610922667,434.435426380611,88.0631789299692,495.003385497778,365.221897277169,358.212645965801,103.23225928574,446.488020034498,441.625097249644,101.913875731886,446.483081012702,463.31855892547,476.563591117482,92.2199727278569,103.746036354945,444.209758600376,437.715679813841,444.443284004237,476.818818473695,497.99291216911,483.548623412571,483.193442402964,487.652954391602,513.763478551257,292.490766393488,298.431597111709,561.635298536733,476.149192974092,445.623738667943,440.481321800946,108.690391632372,522.461948577727
"7",467.856296206457,464.406364951416,469.883148270125,466.17180542081,465.102105792207,471.757775877957,0,149.825849692415,464.120339059302,140.893783691923,464.579188695034,514.581197641796,350.98364376804,155.264662464044,143.581997198468,151.341934630772,335.611398504018,464.556197108179,467.001931100286,505.3722444068,465.240631080625,356.963396465686,657.719054740283,653.281100144484,467.526855382481,518.236930229903,512.72536924791,469.325081291255,517.369390995216,318.66899017176,457.409643251946,467.793855103827,469.577860459067,514.89269494303,509.773092983832,514.6983671424,461.63339670837,480.674062597166,464.744835077526,466.571573560148,349.891910039872,346.229160851145,567.368609976524,573.242184731652,819.164812772443,740.94018093602,518.042785608752,512.635500785779,469.066940217617,352.370632041573
"8",467.635700592643,467.501923073791,470.145621315889,465.37620602568,463.893309943076,471.089119500182,149.825849692415,0,463.043108152214,138.099274477842,463.952037816214,513.581346393154,352.786292314875,158.016490186053,144.369628097462,154.651377386907,337.279361492005,470.072934211827,465.276551584107,504.198690665748,462.553108855658,358.772477994505,656.354847710953,653.66768226005,466.998170110381,516.168802329935,511.478127320982,469.199992776779,515.936279711832,319.100742198332,456.726735446274,468.424258116438,469.300412287609,514.168668715159,508.170339387222,514.628916476031,459.081107313355,478.970070917244,464.862371964244,464.363565159204,350.277617995168,347.849264471311,566.30369136902,573.933160295466,819.397124385109,739.466711792981,517.578458403309,511.546336822919,469.411425534936,359.115314085254
"9",82.9560897949736,90.8585409786476,79.6736718928782,88.4489854609323,79.1658498009069,91.0073408231487,464.120339059302,463.043108152214,0,447.245408335453,67.4977791864787,435.98858888669,510.53454850566,464.884930890754,455.060376514828,455.885560015044,469.045456623576,79.6666759853051,475.733346010543,426.800437638087,66.3072399588549,487.623187542362,362.680993563734,355.52210558998,76.7624233663956,439.503720764155,434.701348622251,86.159686585872,439.81605669992,455.388695794607,469.683082548025,67.5102008195813,73.5567710793511,436.673261558959,430.119858761876,436.873505408622,469.365741519023,491.340225165172,475.907425604036,476.767784965434,481.670803110081,505.383316326956,291.142965697522,297.063595907178,557.956362057398,472.645099197533,438.156341983898,433.526323505388,78.7223032175943,514.060969940599
"10",452.210330942807,452.951434758677,454.749699316081,449.903505586217,449.124296104842,454.676547014924,140.893783691923,138.099274477842,447.245408335453,0,448.020438670543,497.790870358669,335.996778373578,142.619960133655,132.898926862121,135.100618926728,320.775201825838,454.49705407484,449.629389985375,489.58916433676,448.330921641957,343.254524804212,642.299377916284,637.582027878405,452.22177285442,502.936254850628,495.545550917345,453.045251556484,500.771418247062,303.59570792754,442.912907315689,452.255389584605,452.791525721809,499.282123360083,492.787272767174,499.132144763399,444.924921231285,465.843448545935,451.031301093286,451.747774140706,335.455413066836,332.906572016765,553.104111491324,558.051850912483,805.774805046507,724.714111826749,501.476439490401,497.05161914791,452.854978084717,343.403918771291
"11",86.9197640044923,89.492046504942,77.1246145765055,86.1840738050164,77.245472066437,89.9723077091281,464.579188695034,463.952037816214,67.4977791864787,448.020438670543,0,437.944322558309,510.541580286036,465.936505164495,455.494715063964,456.738572418149,468.843083255341,76.4661324377078,475.692776444728,429.084353562904,62.5258433226284,488.771455783414,363.665241486131,356.038915475245,77.8844067943414,441.593345020438,436.342648583858,82.5173615302849,440.356040669565,455.79085661947,470.153996326317,66.4438514325639,70.7931721848839,438.807042139693,430.586627940746,438.64590432963,469.584548590069,491.769761866737,476.797858617191,476.704922037618,481.311298930852,506.191509528166,289.167573902522,296.628787794354,557.671545271254,472.92703507334,440.064542160297,435.104132352216,75.2988803486895,514.814168773175
"12",440.972954395927,441.04211706739,444.216209416072,437.412065741029,437.84345134692,443.263053199402,514.581197641796,513.581346393154,435.98858888669,497.790870358669,437.944322558309,0,561.31653192984,516.135328788167,506.756184000107,507.009282129388,519.772319723311,442.671460980388,522.48278622807,80.6700200843047,436.881011597181,539.384356635289,634.860391799654,627.973134704149,441.59236212956,82.66327432757,86.0599062805241,442.150261157227,92.9912613628939,507.784354297895,517.05786871778,441.328592214595,442.570623089721,83.1652243330135,82.8873033551582,93.0927980902108,518.872584980622,536.69763155052,524.450420742259,524.200859958965,533.009404955253,557.669658559065,545.694813456756,549.139620921894,799.204945893698,715.294022071811,90.1441552754234,83.2849091911308,443.178207259254,568.982862165455
"13",514.856670898336,514.497236056058,517.405118013507,511.632406385819,510.261103170143,517.962089651916,350.98364376804,352.786292314875,510.53454850566,335.996778373578,510.541580286036,561.31653192984,0,349.696664081008,344.296990680271,345.454754012978,306.404759772475,514.908080441086,511.373279419576,553.647582612793,510.527308924949,332.789567255744,704.381385859207,696.726961659121,515.024254290497,566.077256917507,560.73659620559,515.288306777445,564.730097083246,282.199217679927,500.761343958095,512.764973062839,516.758316232595,562.596115473884,555.140531471249,562.930326293055,504.014372551078,520.531902678797,509.525702643987,508.512395915768,321.040062907483,260.2418191573,614.713239222209,616.960390293619,868.037161722311,787.907820318608,565.212289232124,560.300224986528,515.109717132665,268.963331711654
"14",469.390128196973,470.057821012091,472.360620694154,467.962632448684,465.490548738202,472.425297631858,155.264662464044,158.016490186053,464.884930890754,142.619960133655,465.936505164495,516.135328788167,349.696664081008,0,148.626691827228,144.929845061857,333.570543452797,470.313174566236,468.514639221748,504.707568907093,466.041604567158,358.077786794081,657.837412043862,656.125083338958,467.783794694113,519.314578286461,513.763913279425,471.398332180878,517.086094048623,312.515938868791,458.49514862557,469.482588137329,469.640885423206,515.460479503063,509.984965083803,516.533507059135,461.287217859615,481.922662736376,468.887583953293,467.04827681825,347.773319430757,340.382905880421,570.97752076718,574.528640257315,820.722177077496,741.877017452018,519.199791517557,509.37110146356,471.123420066862,355.49164270212
"15",459.623404500376,460.011338793745,461.180304999015,458.171119552276,456.456427309868,462.796511967891,143.581997198468,144.369628097462,455.060376514828,132.898926862121,455.494715063964,506.756184000107,344.296990680271,148.626691827228,0,142.508824619428,329.111190496598,462.204619332185,459.215973026579,496.979303001087,456.341135852017,350.060310608012,649.609019650496,646.217871143035,459.492460344199,509.266598855846,504.70165099788,460.832046881384,508.097010836483,312.063249727614,450.231647715052,459.390896611579,460.571948913611,506.698962252641,500.596043451475,507.59761679508,453.75969795931,473.690041054718,459.252722897556,459.511133389358,341.904913688876,339.628002011829,560.694991664771,565.645233790454,813.923526997097,732.2791008238,509.813878785661,503.121372830498,461.462706873296,352.131708537599
"16",459.885901689894,460.937968005094,462.846979113946,458.465715651904,457.107436816724,463.178249207941,151.341934630772,154.651377386907,455.885560015044,135.100618926728,456.738572418149,507.009282129388,345.454754012978,144.929845061857,142.508824619428,0,327.214371147091,462.019081453153,460.469884577813,497.260150921145,456.681345785389,351.563098945342,650.640765664211,646.34593637852,459.203049741294,509.788539124157,504.382687679984,462.409462670605,509.599563215369,312.039742597497,451.076334870781,460.342569553615,461.657286709532,506.531233711304,501.717535949977,507.620044829827,454.82130565705,474.514345527519,460.295293093539,460.680112261938,342.770857201876,339.614520475801,562.158151784314,566.597372990581,815.798628173393,732.143554216135,509.632715422497,504.851124661535,461.766028254075,352.163953941179
"17",473.020794937206,473.230345852969,475.870288248656,469.738224013183,469.50103748937,475.524852598321,335.611398504018,337.279361492005,469.045456623576,320.775201825838,468.843083255341,519.772319723311,306.404759772475,333.570543452797,329.111190496598,327.214371147091,0,474.195570624851,465.492773261039,510.210586854288,469.451353877416,184.036971753504,663.240548452804,657.163416150671,473.119440131583,522.902574002077,517.620250078181,473.769343028951,521.255124806806,151.257423184293,458.657899968788,471.380579814175,474.064708401139,521.060714451993,512.830612132126,519.649487658167,457.289353423853,479.50607966727,465.796550723846,466.020014835559,175.104909801139,304.933713612492,571.516457126463,576.468601983854,824.399204898846,744.359095169942,523.337408585478,518.639326788635,474.130582400572,312.389835276852
"18",98.3536914013876,95.885142295029,94.4363575467573,96.6222449311838,90.8023312247335,103.273767466912,464.556197108179,470.072934211827,79.6666759853051,454.49705407484,76.4661324377078,442.671460980388,514.908080441086,470.313174566236,462.204619332185,462.019081453153,474.195570624851,0,481.060114789715,435.252479484254,79.7203985747956,493.997978192515,371.820006521097,364.801720028627,87.6526672999333,447.359134943266,441.799352319087,95.1406636501777,446.537831709024,461.746266241444,474.806957238913,78.3203034533852,84.3641443875974,444.505245008423,437.768982853603,444.236545424674,474.647741180071,494.897620384422,482.237628237415,481.808542295666,486.5062689931,512.244689077616,298.94465206044,304.170726299354,566.318956366343,480.117980737244,446.104899747754,440.612899170646,87.6188370672648,515.309104433742
"19",479.916841206563,479.805349722416,481.289421964781,477.346275394582,476.267345492627,482.126610922667,467.001931100286,465.276551584107,475.733346010543,449.629389985375,475.692776444728,522.48278622807,511.373279419576,468.514639221748,459.215973026579,460.469884577813,465.492773261039,481.060114789715,0,514.825950753066,475.170192022714,486.246125768683,669.479975808654,665.728426146361,478.369313963382,527.584899405588,519.724733929703,481.042670328004,524.143171823838,453.124800602453,138.324991927534,479.764940854943,479.738763111745,523.531447243205,517.819063784252,523.493703204164,134.575048981943,155.481320311353,145.756788712457,148.035004132991,477.729341934839,503.535769916146,579.219438995507,584.485794478871,830.727671010186,748.908947728213,525.157292754303,519.848740182491,481.147124796021,513.737528572549
"20",432.33417456864,432.123263358462,435.045857013364,428.589810446777,429.385080062119,434.435426380611,505.3722444068,504.198690665748,426.800437638087,489.58916433676,429.084353562904,80.6700200843047,553.647582612793,504.707568907093,496.979303001087,497.260150921145,510.210586854288,435.252479484254,514.825950753066,0,428.656232628524,530.897231399745,626.273117725884,619.682283211505,433.295553412747,75.9065800953603,79.6546459248344,433.740719359289,92.0033601591983,498.102680033477,508.617761988999,432.885314042124,433.739302044279,77.3299461786197,74.1126563799238,92.441721106347,511.154284295084,530.949903024849,516.317365939485,516.439919434693,525.445510064811,549.291177232848,536.523410417362,540.59979350937,788.726196348882,708.273058958568,89.2965305871524,79.765525706185,434.576612411556,559.326356033994
"21",87.063656892691,88.8081167255665,78.0064291742735,87.1781724204503,74.2343422637682,88.0631789299692,465.240631080625,462.553108855658,66.3072399588549,448.330921641957,62.5258433226284,436.881011597181,510.527308924949,466.041604567158,456.341135852017,456.681345785389,469.451353877416,79.7203985747956,475.170192022714,428.656232628524,0,488.680008790429,364.104762051973,357.13342893535,76.7482178452555,440.816474627891,435.921825095845,88.5825718959031,440.565124381505,456.275049544388,469.064978315889,66.5673386395472,81.0557906443085,438.288326210552,431.215119965727,438.188195679585,469.769940792783,491.205882471639,476.118435328754,476.964436999693,482.321071903074,506.626117371496,292.267117066476,298.442393217905,561.081715906853,473.857962134142,439.61530105304,434.726278127057,86.0140932477151,516.577726107106
"22",492.453762106512,493.034769309411,495.607094183499,489.983610572934,488.798955241565,495.003385497778,356.963396465686,358.772477994505,487.623187542362,343.254524804212,488.771455783414,539.384356635289,332.789567255744,358.077786794081,350.060310608012,351.563098945342,184.036971753504,493.997978192515,486.246125768683,530.897231399745,488.680008790429,0,682.510461069947,679.128295549234,491.590605258429,542.05081534744,538.104229453907,494.362010724964,542.628962797201,178.45017078532,476.96224083727,492.475950057865,493.809895238493,540.181885008127,533.323648198246,539.981077700628,478.024986033705,500.602913866547,486.772256963896,484.666073972424,198.729127728545,327.963687330387,593.023926732843,597.425514723469,845.07996095054,764.846379995268,543.605098892588,537.259639743367,493.283273566247,333.236636986525
"23",351.90728954455,354.28484060874,361.161595103131,358.942419706937,353.569344146704,365.221897277169,657.719054740283,656.354847710953,362.680993563734,642.299377916284,363.665241486131,634.860391799654,704.381385859207,657.837412043862,649.609019650496,650.640765664211,663.240548452804,371.820006521097,669.479975808654,626.273117725884,364.104762051973,682.510461069947,0,486.852845160925,372.650784494439,637.63527683321,634.158290935659,367.852163190186,636.625237040443,648.451479301248,663.062741099935,366.871729114174,373.744485477813,636.634258979249,628.726900273023,635.12016301015,663.630880172979,685.095064129389,669.8030724334,671.050487190831,675.112709665802,698.403867424779,416.43310728577,422.020659707826,697.125175226803,606.215215597931,636.858978358226,632.049667839882,376.088113977906,705.386384242454
"24",344.937942644582,348.894093173573,354.283406233614,350.790401253346,346.680993920764,358.212645965801,653.281100144484,653.66768226005,355.52210558998,637.582027878405,356.038915475245,627.973134704149,696.726961659121,656.125083338958,646.217871143035,646.34593637852,657.163416150671,364.801720028627,665.728426146361,619.682283211505,357.13342893535,679.128295549234,486.852845160925,0,365.478012607419,631.923980788854,627.534598187172,359.607326350169,631.073616307571,646.562768824706,659.533880320211,359.202107270853,364.679623254081,629.030463856121,622.413220788532,628.691596725468,659.899436352388,680.921666483701,665.944254727599,666.412896569503,669.879473964433,694.176178934317,411.306661470233,419.737127297832,692.358366605386,603.672171708266,630.549909528691,627.429532969411,368.37610898426,703.564138609729
"25",100.099613804761,101.756988535874,94.6971432178389,100.467579148031,92.4261678869889,103.23225928574,467.526855382481,466.998170110381,76.7624233663956,452.22177285442,77.8844067943414,441.59236212956,515.024254290497,467.783794694113,459.492460344199,459.203049741294,473.119440131583,87.6526672999333,478.369313963382,433.295553412747,76.7482178452555,491.590605258429,372.650784494439,365.478012607419,0,445.481642754927,440.403820581184,91.7126937674236,445.041327680617,457.853639493594,473.024826730243,77.1419044919606,74.2332601950557,442.895617721284,436.49563389972,442.375096939991,473.609288668934,494.588537034226,480.151205590759,480.538309282142,485.755891344012,503.640692990911,299.203744050171,304.993657143086,565.199872591585,480.916704594868,444.518440523517,439.74735660971,81.1084933695074,518.782690617864
"26",444.675059613114,444.419326787658,447.883650212217,441.018251829217,441.289933007087,446.488020034498,518.236930229903,516.168802329935,439.503720764155,502.936254850628,441.593345020438,82.66327432757,566.077256917507,519.314578286461,509.266598855846,509.788539124157,522.902574002077,447.359134943266,527.584899405588,75.9065800953603,440.816474627891,542.05081534744,637.63527683321,631.923980788854,445.481642754927,0,85.7415165314552,446.283535828453,101.249877965937,510.971314239838,521.116652444357,445.040725046554,446.187461328688,87.209644773772,76.8201514637955,98.3302257267913,522.261089527472,543.910942261968,528.642529995817,530.159350047119,536.874065291785,561.606961736959,548.553911677807,552.698042576246,801.90525098445,718.885009088474,94.7434950895695,78.3405144912527,446.685537670693,571.953667581576
"27",439.821209797415,439.420126949036,442.812991220917,435.288066459089,436.256482426295,441.625097249644,512.72536924791,511.478127320982,434.701348622251,495.545550917345,436.342648583858,86.0599062805241,560.73659620559,513.763913279425,504.70165099788,504.382687679984,517.620250078181,441.799352319087,519.724733929703,79.6546459248344,435.921825095845,538.104229453907,634.158290935659,627.534598187172,440.403820581184,85.7415165314552,0,440.755545621886,97.2591623921243,506.492921473036,514.39938767944,439.82010402836,441.122198020023,86.8046997543752,79.1058525576046,99.0511186363394,516.446372217205,536.576736973393,522.381036317454,523.133746717867,532.920628949185,557.119536463591,544.250282264874,547.948610308805,797.34237095779,712.271328951074,93.4264947102729,86.7356953909881,441.160840850576,566.637773196245
"28",96.3816590611835,91.0301934992097,94.9822526252409,94.4855127827764,91.6137758798736,101.913875731886,469.325081291255,469.199992776779,86.159686585872,453.045251556484,82.5173615302849,442.150261157227,515.288306777445,471.398332180878,460.832046881384,462.409462670605,473.769343028951,95.1406636501777,481.042670328004,433.740719359289,88.5825718959031,494.362010724964,367.852163190186,359.607326350169,91.7126937674236,446.283535828453,440.755545621886,0,445.257193416454,461.669129732163,475.508690247206,87.9625999462644,85.4223152096017,443.113514834948,436.173773720764,443.360552096352,475.953297176224,496.848556245569,482.353181414281,482.905389524289,487.576183368479,512.224206976951,293.082801231076,299.861791696476,561.491144497227,476.187775288951,444.855329603928,439.769832986269,91.8714879432468,519.895786270894
"29",443.998931261769,443.597791765698,447.730460425788,440.867812531535,441.039698180769,446.483081012702,517.369390995216,515.936279711832,439.81605669992,500.771418247062,440.356040669565,92.9912613628939,564.730097083246,517.086094048623,508.097010836483,509.599563215369,521.255124806806,446.537831709024,524.143171823838,92.0033601591983,440.565124381505,542.628962797201,636.625237040443,631.073616307571,445.041327680617,101.249877965937,97.2591623921243,445.257193416454,0,510.805759466135,518.877706646063,444.225060164747,445.979044369035,99.6882785794509,91.0747597568226,98.7514589419769,520.600849543564,541.739246919799,526.280232043606,527.549197899721,536.136349947085,560.50791165836,547.314279860871,551.842171686992,801.755913534397,718.102993672181,89.8588045573187,99.227286796189,446.597896518345,569.467562415519
"30",460.144099359182,460.992761881004,463.466618214695,457.79004582118,457.145605593693,463.31855892547,318.66899017176,319.100742198332,455.388695794607,303.59570792754,455.79085661947,507.784354297895,282.199217679927,312.515938868791,312.063249727614,312.039742597497,151.257423184293,461.746266241444,453.124800602453,498.102680033477,456.275049544388,178.45017078532,648.451479301248,646.562768824706,457.853639493594,510.971314239838,506.492921473036,461.669129732163,510.805759466135,0,445.274453225162,460.367632893596,461.898414174774,508.630633018805,500.854736704016,507.366547932697,447.297022520855,466.658811493188,452.867287185052,452.033972893411,164.716924139682,274.712642813061,560.068146500739,564.042897406354,813.050030481423,731.142868633902,512.17663774256,505.541474021657,461.588894633778,286.048087300558
"31",474.327838097948,473.84589489403,476.142645778842,470.784768905338,470.486268279634,476.563591117482,457.409643251946,456.726735446274,469.683082548025,442.912907315689,470.153996326317,517.05786871778,500.761343958095,458.49514862557,450.231647715052,451.076334870781,458.657899968788,474.806957238913,138.324991927534,508.617761988999,469.064978315889,476.96224083727,663.062741099935,659.533880320211,473.024826730243,521.116652444357,514.39938767944,475.508690247206,518.877706646063,445.274453225162,0,473.523138951605,474.209131137339,518.006221319431,510.207100711426,517.419316084752,130.991510587228,150.883540053585,130.042456253949,133.388717000118,471.813605190842,497.3297645717,573.631893062451,577.947047560046,825.083305583669,744.581640174064,520.70623920162,513.782988737521,475.246106338795,506.557189954383
"32",89.989722496716,93.1096220528928,83.4677305044107,86.6808426562373,81.4256909541616,92.2199727278569,467.793855103827,468.424258116438,67.5102008195813,452.255389584605,66.4438514325639,441.328592214595,512.764973062839,469.482588137329,459.390896611579,460.342569553615,471.380579814175,78.3203034533852,479.764940854943,432.885314042124,66.5673386395472,492.475950057865,366.871729114174,359.202107270853,77.1419044919606,445.040725046554,439.82010402836,87.9625999462644,444.225060164747,460.367632893596,473.523138951605,0,71.1898363044442,441.964316543009,435.563410132341,442.423877982361,473.614159371755,495.317938984351,479.616501176272,480.390035474104,485.249252173383,509.925571762244,293.813093625601,299.858447771316,561.360207873985,476.725101172359,443.652001664407,438.991679756763,80.8629202948901,518.799874311038
"33",98.847950659655,102.880140119341,92.5068102695456,98.1460199353784,91.900320442492,103.746036354945,469.577860459067,469.300412287609,73.5567710793511,452.791525721809,70.7931721848839,442.570623089721,516.758316232595,469.640885423206,460.571948913611,461.657286709532,474.064708401139,84.3641443875974,479.738763111745,433.739302044279,81.0557906443085,493.809895238493,373.744485477813,364.679623254081,74.2332601950557,446.187461328688,441.122198020023,85.4223152096017,445.979044369035,461.898414174774,474.209131137339,71.1898363044442,0,443.257320953254,436.25148763751,444.190501887565,474.046833677033,495.463278630201,481.296170264857,480.714274718615,487.892456697436,511.47318638642,299.259424239748,304.605823942945,567.318472998324,481.296744805366,445.073907332816,439.742748571243,63.5202932970228,519.218677248484
"34",442.027115645067,442.110213958522,444.820706593913,437.640918992891,438.596563045276,444.209758600376,514.89269494303,514.168668715159,436.673261558959,499.282123360083,438.807042139693,83.1652243330135,562.596115473884,515.460479503063,506.698962252641,506.531233711304,521.060714451993,444.505245008423,523.531447243205,77.3299461786197,438.288326210552,540.181885008127,636.634258979249,629.030463856121,442.895617721284,87.209644773772,86.8046997543752,443.113514834948,99.6882785794509,508.630633018805,518.006221319431,441.964316543009,443.257320953254,0,84.6349588996453,93.4573414588397,519.410292871944,540.348069849794,525.372831355384,525.802647885412,533.770646006839,558.30058021887,547.22761248826,549.53157649936,799.636811004875,716.552192673586,92.1010751967064,88.5308190911489,444.109254078638,569.107066214402
"35",435.26527096728,435.154212710951,437.615689497148,431.232284770427,431.642280977535,437.715679813841,509.773092983832,508.170339387222,430.119858761876,492.787272767174,430.586627940746,82.8873033551582,555.140531471249,509.984965083803,500.596043451475,501.717535949977,512.830612132126,437.768982853603,517.819063784252,74.1126563799238,431.215119965727,533.323648198246,628.726900273023,622.413220788532,436.49563389972,76.8201514637955,79.1058525576046,436.173773720764,91.0747597568226,500.854736704016,510.207100711426,435.563410132341,436.25148763751,84.6349588996453,0,91.9625382838537,512.595758645548,534.003309178305,518.351389528761,520.265785905094,526.480117398476,552.093707889793,538.722898391159,543.503780624584,792.234176623704,708.808804600281,81.6222634986788,75.8602617571319,437.433365715478,562.253831593355
"36",441.600762018115,441.880490021564,445.203611660903,438.593488068493,438.416111265726,444.443284004237,514.6983671424,514.628916476031,436.873505408622,499.132144763399,438.64590432963,93.0927980902108,562.930326293055,516.533507059135,507.59761679508,507.620044829827,519.649487658167,444.236545424674,523.493703204164,92.441721106347,438.188195679585,539.981077700628,635.12016301015,628.691596725468,442.375096939991,98.3302257267913,99.0511186363394,443.360552096352,98.7514589419769,507.366547932697,517.419316084752,442.423877982361,444.190501887565,93.4573414588397,91.9625382838537,0,518.927800078052,539.2044260929,525.034002593566,525.483522639802,534.112577470229,558.48314839163,546.774918521479,550.432541349645,799.568351685232,715.70677295807,97.1581672664468,95.5332900252947,443.808813224819,569.935399771849
"37",474.113178400517,474.354601322704,476.705584508817,471.266364063437,470.264053192051,476.818818473695,461.63339670837,459.081107313355,469.365741519023,444.924921231285,469.584548590069,518.872584980622,504.014372551078,461.287217859615,453.75969795931,454.82130565705,457.289353423853,474.647741180071,134.575048981943,511.154284295084,469.769940792783,478.024986033705,663.630880172979,659.899436352388,473.609288668934,522.261089527472,516.446372217205,475.953297176224,520.600849543564,447.297022520855,130.991510587228,473.614159371755,474.046833677033,519.410292871944,512.595758645548,518.927800078052,0,149.050184910244,137.455235748019,139.810002049235,472.318922786537,498.455689913084,574.012897033566,577.690266846161,827.085482116607,745.457350414825,522.656436035871,516.088324249784,475.034366995825,507.992290391319
"38",494.728743990613,495.27976240316,496.368340122216,492.905778398867,491.47927864018,497.99291216911,480.674062597166,478.970070917244,491.340225165172,465.843448545935,491.769761866737,536.69763155052,520.531902678797,481.922662736376,473.690041054718,474.514345527519,479.50607966727,494.897620384422,155.481320311353,530.949903024849,491.205882471639,500.602913866547,685.095064129389,680.921666483701,494.588537034226,543.910942261968,536.576736973393,496.848556245569,541.739246919799,466.658811493188,150.883540053585,495.317938984351,495.463278630201,540.348069849794,534.003309178305,539.2044260929,149.050184910244,0,159.492302993134,158.596855543436,491.271565438684,520.174996747714,595.147749819346,599.899899684856,846.869209264004,766.016618673477,542.938600672743,536.502717296407,495.565971341523,525.216461737539
"39",481.420914638282,480.466389565765,483.173143512771,477.507132696436,477.114573249057,483.548623412571,464.744835077526,464.862371964244,475.907425604036,451.031301093286,476.797858617191,524.450420742259,509.525702643987,468.887583953293,459.252722897556,460.295293093539,465.796550723846,482.237628237415,145.756788712457,516.317365939485,476.118435328754,486.772256963896,669.8030724334,665.944254727599,480.151205590759,528.642529995817,522.381036317454,482.353181414281,526.280232043606,452.867287185052,130.042456253949,479.616501176272,481.296170264857,525.372831355384,518.351389528761,525.034002593566,137.455235748019,159.492302993134,0,138.867789534508,479.068342578516,502.971293226642,578.518852818871,584.656854475482,831.743699344936,749.643016681097,526.019124852371,522.711424002169,481.616264361053,513.75198580841
"40",481.41638457194,481.75121356955,483.488673573172,478.536327516892,477.264425070679,483.193442402964,466.571573560148,464.363565159204,476.767784965434,451.747774140706,476.704922037618,524.200859958965,508.512395915768,467.04827681825,459.511133389358,460.680112261938,466.020014835559,481.808542295666,148.035004132991,516.439919434693,476.964436999693,484.666073972424,671.050487190831,666.412896569503,480.538309282142,530.159350047119,523.133746717867,482.905389524289,527.549197899721,452.033972893411,133.388717000118,480.390035474104,480.714274718615,525.802647885412,520.265785905094,525.483522639802,139.810002049235,158.596855543436,138.867789534508,0,476.757962000836,504.79559135242,580.700244019811,585.854942964978,832.821360649565,752.698074649374,527.638818089499,521.666133209273,482.704053766525,511.276613545217
"41",484.968924190317,486.010395780928,488.497696048618,482.244939620265,482.020041575051,487.652954391602,349.891910039872,350.277617995168,481.670803110081,335.455413066836,481.311298930852,533.009404955253,321.040062907483,347.773319430757,341.904913688876,342.770857201876,175.104909801139,486.5062689931,477.729341934839,525.445510064811,482.321071903074,198.729127728545,675.112709665802,669.879473964433,485.755891344012,536.874065291785,532.920628949185,487.576183368479,536.136349947085,164.716924139682,471.813605190842,485.249252173383,487.892456697436,533.770646006839,526.480117398476,534.112577470229,472.318922786537,491.271565438684,479.068342578516,476.757962000836,0,318.385706827803,584.59028361633,589.406529076273,837.585437950424,754.881189178959,537.032428654775,531.481798782867,486.3946610713,323.480303226013
"42",510.706075793014,511.582591338787,512.8926755241,508.111245266423,507.217703967194,513.763478551257,346.229160851145,347.849264471311,505.383316326956,332.906572016765,506.191509528166,557.669658559065,260.2418191573,340.382905880421,339.628002011829,339.614520475801,304.933713612492,512.244689077616,503.535769916146,549.291177232848,506.626117371496,327.963687330387,698.403867424779,694.176178934317,503.640692990911,561.606961736959,557.119536463591,512.224206976951,560.50791165836,274.712642813061,497.3297645717,509.925571762244,511.47318638642,558.30058021887,552.093707889793,558.48314839163,498.455689913084,520.174996747714,502.971293226642,504.79559135242,318.385706827803,0,609.621611026669,614.648476324759,860.151102841684,782.357201625929,561.829955236538,557.361272832823,511.131161161036,269.949385004728
"43",281.627947326838,283.587586843579,290.381358850768,286.302691786672,283.609694738524,292.490766393488,567.368609976524,566.30369136902,291.142965697522,553.104111491324,289.167573902522,545.694813456756,614.713239222209,570.97752076718,560.694991664771,562.158151784314,571.516457126463,298.94465206044,579.219438995507,536.523410417362,292.267117066476,593.023926732843,416.43310728577,411.306661470233,299.203744050171,548.553911677807,544.250282264874,293.082801231076,547.314279860871,560.068146500739,573.631893062451,293.813093625601,299.259424239748,547.22761248826,538.722898391159,546.774918521479,574.012897033566,595.147749819346,578.518852818871,580.700244019811,584.59028361633,609.621611026669,0,269.075610191133,566.243886706031,472.19579545058,547.695865817663,543.797989906583,301.190201464413,620.087325118393
"44",287.142477266732,289.806075454864,297.278948860229,290.999611297037,289.022044380245,298.431597111709,573.242184731652,573.933160295466,297.063595907178,558.051850912483,296.628787794354,549.139620921894,616.960390293619,574.528640257315,565.645233790454,566.597372990581,576.468601983854,304.170726299354,584.485794478871,540.59979350937,298.442393217905,597.425514723469,422.020659707826,419.737127297832,304.993657143086,552.698042576246,547.948610308805,299.861791696476,551.842171686992,564.042897406354,577.947047560046,299.858447771316,304.605823942945,549.53157649936,543.503780624584,550.432541349645,577.690266846161,599.899899684856,584.656854475482,585.854942964978,589.406529076273,614.648476324759,269.075610191133,0,571.961128959613,474.000388573119,550.77221964426,547.543555501625,308.504160456981,622.092363716503
"45",551.465685302874,554.650154953325,559.496173727995,555.556833732442,553.56129316101,561.635298536733,819.164812772443,819.397124385109,557.956362057398,805.774805046507,557.671545271254,799.204945893698,868.037161722311,820.722177077496,813.923526997097,815.798628173393,824.399204898846,566.318956366343,830.727671010186,788.726196348882,561.081715906853,845.07996095054,697.125175226803,692.358366605386,565.199872591585,801.90525098445,797.34237095779,561.491144497227,801.755913534397,813.050030481423,825.083305583669,561.360207873985,567.318472998324,799.636811004875,792.234176623704,799.568351685232,827.085482116607,846.869209264004,831.743699344936,832.821360649565,837.585437950424,860.151102841684,566.243886706031,571.961128959613,0,764.836246620452,793.767241586691,796.760177471796,568.451285365565,871.73796640112
"46",465.657634802375,468.189140110442,472.998828021615,468.492253524666,466.81025057326,476.149192974092,740.94018093602,739.466711792981,472.645099197533,724.714111826749,472.92703507334,715.294022071811,787.907820318608,741.877017452018,732.2791008238,732.143554216135,744.359095169942,480.117980737244,748.908947728213,708.273058958568,473.857962134142,764.846379995268,606.215215597931,603.672171708266,480.916704594868,718.885009088474,712.271328951074,476.187775288951,718.102993672181,731.142868633902,744.581640174064,476.725101172359,481.296744805366,716.552192673586,708.808804600281,715.70677295807,745.457350414825,766.016618673477,749.643016681097,752.698074649374,754.881189178959,782.357201625929,472.19579545058,474.000388573119,764.836246620452,0,718.287728234218,713.804558765794,484.631968976636,786.224500772368
"47",442.759457826265,443.689700713721,446.736596447445,439.407995585249,439.789486502367,445.623738667943,518.042785608752,517.578458403309,438.156341983898,501.476439490401,440.064542160297,90.1441552754234,565.212289232124,519.199791517557,509.813878785661,509.632715422497,523.337408585478,446.104899747754,525.157292754303,89.2965305871524,439.61530105304,543.605098892588,636.858978358226,630.549909528691,444.518440523517,94.7434950895695,93.4264947102729,444.855329603928,89.8588045573187,512.17663774256,520.70623920162,443.652001664407,445.073907332816,92.1010751967064,81.6222634986788,97.1581672664468,522.656436035871,542.938600672743,526.019124852371,527.638818089499,537.032428654775,561.829955236538,547.695865817663,550.77221964426,793.767241586691,718.287728234218,0,90.6470811655447,445.561790659351,570.704156875712
