"","X1","X2","X3","X4","X5","X6","X7","X8","X9","X10","X11","X12","X13","X14","X15","X16","X17","X18","X19","X20","X21","X22","X23","X24","X25","X26","X27","X28","X29","X30","X31","X32","X33","X34","X35","X36","X37","X38","X39","X40","X41","X42","X43","X44","X45","X46","X47","X48","X49","X50","X51","X52","X53","X54","X55","X56","X57","X58","X59","X60","X61","X62","X63","X64","X65","X66","X67","X68","X69","X70","X71","X72","X73","X74","X75","X76"
"1",0,126.081320289977,433.800694112608,124.79878310462,134.950445744805,154.502527397797,159.575032368387,122.788381318322,125.280304016332,129.543454078981,405.537698214334,149.513225199622,415.958526908394,370.642447789687,401.338925736925,367.217526615711,439.939331760246,696.227723841621,605.723692177788,707.319296416764,391.40438482389,425.933248854159,380.556691248967,412.920603447219,404.452230751478,396.43224976724,732.155948278762,673.318273465308,489.21220265103,383.648973275188,395.388815479723,530.674778963479,395.231012968181,554.659192740308,379.763840925297,112.45654367444,199.569902349312,264.288526960942,124.217487561911,271.955484334519,384.197174604086,375.346016414751,136.258864578784,401.309079126178,410.019178143371,139.432074695103,413.334793379556,423.827319412168,139.235884010792,411.939286473734,414.865058087382,135.393954448401,391.585451115229,429.790738828124,414.870250318015,469.827085714028,399.358266155307,137.994349455222,420.766490538076,453.01759897102,450.861857105086,449.213843350333,442.372210746487,369.665194778251,445.601342758346,451.579387997296,439.331197125495,453.631176502944,469.865693671766,372.598227007043,373.79789937376,483.424953990757,443.461931995752,433.894673707707,446.141205463605,127.464342129786
"2",126.081320289977,0,439.367795959619,121.661623803142,131.490507349749,148.821626423088,154.26522416749,116.95559646667,119.555506247998,128.53342574634,411.58678395886,143.209526023869,421.281247980301,375.641474498316,407.074303439642,371.822343805114,445.384363003862,702.448893133374,612.170051369227,715.400294285373,396.330772679542,431.709053472904,384.605132543213,418.141519522294,410.215656625681,402.055512952848,739.139329804193,678.556662123208,494.000702815522,388.039290197694,401.287624595264,535.13024459349,399.533887332262,560.153345016182,384.535216074164,102.838833928179,191.387106936473,256.162375554498,115.617381252112,266.473342116892,389.559455213809,380.837709205975,130.712037642257,406.859521910442,416.21661410267,131.847839144192,419.394888478127,430.484406911022,132.42442362621,416.491979068185,420.59606101266,129.750919775799,396.869803895089,434.897522862857,420.68895439449,476.028104264987,405.343703798306,134.964789444366,426.947200607246,458.048132817863,455.256782920205,453.254554774175,446.389181666478,374.598431795068,450.902706841714,456.728100107526,444.578723388842,459.36436308451,475.410075745471,377.735214284257,378.509693411087,488.709931097252,449.094148731861,439.413425878708,451.740487262758,123.523367835359
"3",433.800694112608,439.367795959619,0,419.259888864354,420.821882401671,433.970427142657,435.424284903305,422.824256901334,415.079313411991,424.886778062886,419.497314689519,426.521655110539,430.973160714013,411.718680883117,440.391693806615,404.388623000335,454.580011650309,432.690444368966,337.384196937553,449.734966242024,427.501666689053,450.231593672585,416.369495956008,453.25369928975,444.284411801203,437.891954269395,767.600427064159,705.635009822156,527.84170123762,419.705897762464,434.219949031581,565.518363356577,431.106031460304,588.04028396817,417.072003944064,415.907550093113,489.120013886906,541.807647444466,420.974284416341,555.26947705209,424.804619315953,416.345939776529,426.418832942989,416.369836637269,424.098668807813,430.325408761486,427.907433959087,438.211827420995,425.934110031222,427.430053947527,429.631247361112,426.381405567489,429.379534168075,467.068577047963,454.493692833639,147.471993173663,413.371465055841,423.321083615484,435.636304832593,490.342333372516,488.590818408651,102.375215013044,89.7680691626079,408.10713826151,97.69790228252,100.586385115818,98.0403149143468,122.751899402787,136.835249260149,410.33936793527,413.420139907733,158.488272824402,114.472619607921,86.7315064779241,102.953073094204,418.377283416145
"4",124.79878310462,121.661623803142,419.259888864354,0,100.018926983609,131.337240130416,138.888924415656,100.399075575824,89.4667782859491,108.799545329155,390.157172892149,107.690404796737,400.783239767777,356.707790667272,386.887474060335,352.350747446977,423.986649960252,682.208450600577,591.307808813275,694.924967871017,376.532243322247,411.703593288785,365.117157193851,399.723802056998,390.770088750664,382.902821120292,718.581457601236,660.099658180092,473.732997922994,369.825113217915,381.669546553885,516.150586634584,379.871460753552,540.973937988757,365.136538231179,98.6785433464722,185.858906458678,251.498435706991,111.048214280427,260.004939128636,370.96167024127,360.764801207335,104.041933341969,385.558305227215,394.161604175687,99.8654571598014,397.742885085281,408.314525206907,92.2104493402717,395.583833375884,398.43668838153,87.4068259367794,375.904751683227,414.918223510052,401.039565597271,455.791287294685,383.324902786369,99.2124619903816,405.324262905097,438.033991124636,435.164616222276,433.609344801885,427.654829378209,353.753240931116,430.553183071192,436.483538082852,424.352348012761,438.631903455068,455.404514376445,357.772558654034,358.66625994141,468.385505729189,428.683421265834,419.030744615164,430.5193970085,80.7448735148042
"5",134.950445744805,131.490507349749,420.821882401671,100.018926983609,0,132.785432969652,144.258645708716,98.946895218783,85.1000897276343,112.878625542902,391.099977217377,102.989487731474,401.889592821753,359.366437882358,388.893819511383,355.265231286724,424.463314824593,683.934379136552,593.713723495966,696.073895218673,379.084245902041,413.409495650019,368.283639849788,402.083431042556,394.271287211547,385.691745440492,722.91058385518,662.138239358405,476.722522069987,371.565169292836,383.294868222798,517.357603744811,383.232912102817,544.355006758471,367.84574430216,114.876294321289,201.508552775693,265.980769495821,123.012400062258,274.187942352226,371.934345601023,363.351365146746,93.6389107969239,386.692708642503,395.199815510069,95.8609191040109,399.23723673744,409.527751979351,93.7908192082087,397.329369155292,399.848974177857,90.7735829898478,379.040096230564,418.092288209423,402.53057694109,457.603958401323,384.454058074657,93.5274103427531,406.035895456789,441.10390108652,438.578795416716,436.216287519092,429.503596500962,357.02778670247,432.516875335251,438.410482268591,426.721693003677,440.827462797183,457.31013707951,360.396448932567,361.44799359113,470.568310980579,430.806825043926,421.157768843268,432.677959589825,81.2007207139315
"6",154.502527397797,148.821626423088,433.970427142657,131.337240130416,132.785432969652,0,166.911562020806,129.70983885507,122.923690486701,140.698306833506,405.874834173859,145.402172977032,416.564347459311,373.631025467386,404.559917411079,370.742210348002,440.475293568882,694.267382422779,604.751912662839,707.137532399733,393.763688212813,428.122491478454,383.859262339291,417.139810540926,407.418298363497,400.328849144232,735.895176124827,674.804460043716,490.888977651993,386.406242972741,398.220619359946,534.082838374488,398.321787764212,557.723115517714,383.498608679541,129.937825921109,214.115143134435,277.60773589778,138.958054667069,287.807539752005,387.125272920405,377.834053022085,136.382966362773,402.030844167909,410.584417874175,136.626956998573,413.90888041855,424.931742075465,138.013093645883,412.400004891698,415.272633854016,134.739916951615,394.431671392754,433.046734764246,418.958470486315,469.74292373106,400.044009198515,132.62621733493,421.548653604828,456.229534764239,452.751407152195,449.125251825049,442.799944382696,371.80037153518,445.115720504551,451.536277367266,439.07957390134,453.441061172752,470.205054333088,376.451492149338,377.064959468031,482.654585420002,443.200004362637,433.774470274853,446.500204908445,126.457977599359
"7",159.575032368387,154.26522416749,435.424284903305,138.888924415656,144.258645708716,166.911562020806,0,138.522905028032,135.402902028525,144.18688288793,406.552266417287,152.93643165567,416.7192964033,375.532783483679,405.841782363539,371.372184144264,440.170765319854,696.797597175585,607.025330293155,709.236359956931,395.31925948458,428.431605673866,384.089840559005,418.168416402806,409.145120418408,401.288802896628,736.564054592055,676.021748277986,491.207113839165,388.196832141762,400.156442191699,532.841412758587,398.596883373616,557.560132079812,383.790129881286,137.424662073876,217.018146119768,277.434070660611,144.623108779659,287.27791553647,388.557141455605,379.973721115479,146.975553678339,401.331158944699,410.344146159502,141.547453395856,413.498987815987,424.773693696454,145.405533945665,411.886950108638,415.390649249039,142.135069384184,394.613244679383,434.7104842282,419.027506950036,470.579532925981,400.560687835158,145.874449146263,420.798876787354,456.32254142354,454.159341892716,451.308668296658,445.206824047445,374.760521934917,447.37644068216,453.070464301801,440.83956257804,455.68493541276,471.785667859375,377.272643030732,378.315380956924,485.29426649534,445.81763220087,435.727311175213,448.311889085683,134.371062797258
"8",122.788381318322,116.95559646667,422.824256901334,100.399075575824,98.946895218783,129.70983885507,138.522905028032,0,98.0274566799966,106.538236199611,393.831889409961,119.746719247771,404.867954946363,360.304963881123,389.315174032537,356.425259925436,428.123597953289,684.711774283014,595.332159218774,697.893779259115,380.091701619962,415.715860790958,367.773940826176,402.637037861859,393.400935220924,385.635765416692,721.05304346024,662.152747066886,477.263498888717,372.545659633446,383.570032366811,517.61875356531,384.306814909262,545.280710662918,368.953729887617,99.996541969774,189.31235021464,254.448415745535,114.014151586174,263.908496357821,371.956127246775,364.451825053751,107.461724435467,389.598724893023,398.348356092875,110.367296871028,401.913103302959,412.261163206375,111.658074546017,399.763936407502,403.174509221929,105.894087261661,380.03024983835,418.743044511531,404.392742218282,458.384464859104,388.248055465899,111.46222185702,409.292297026751,442.245394378012,439.362526785202,436.673663486563,430.682539996342,358.122073592656,433.869246606069,438.2118211494,428.057052632604,441.666156517627,458.231402690974,361.336374141761,362.203376724995,471.051621163761,431.355005087885,422.558165165073,434.258496903986,99.3884498965386
"9",125.280304016332,119.555506247998,415.079313411991,89.4667782859491,85.1000897276343,122.923690486701,135.402902028525,98.0274566799966,0,102.652879586901,385.55695934791,97.4985113007088,396.213026932361,352.249467622093,381.673839813102,348.036028568843,419.534834631525,678.398867540837,587.148913824125,690.540296497331,371.171738381934,407.37724980987,360.559194410778,395.166919239804,386.471939941743,378.156014485407,715.540881882595,655.36323453819,469.742241479379,364.579494609497,376.31886309732,512.344692883606,376.098273121192,537.286520897958,360.846106913658,101.194336475234,185.76369956587,251.720905919199,108.719080189148,260.405180707236,365.592089823675,356.317278264297,85.9235906048365,381.553055046074,389.615279789767,88.3268779786646,393.750443470258,404.175695276171,79.3601190106848,391.343674801302,394.549873772913,78.6320171735292,372.035685016917,411.29189855145,396.558724664481,451.388255417935,378.648139233753,80.1722047538043,400.084325176575,434.275004359176,431.422217777628,429.674358268036,423.491179001185,350.021971535452,425.833707881779,432.278383463541,419.979489835876,434.814551440441,451.0708710786,352.841752614969,354.316682335027,463.704309283713,424.218912266006,414.506368205604,426.641254448165,73.0113464963149
"10",129.543454078981,128.53342574634,424.886778062886,108.799545329155,112.878625542902,140.698306833506,144.18688288793,106.538236199611,102.652879586901,0,395.585995517697,125.829226696369,406.089470958369,362.881479059063,392.717099194513,358.944858019707,429.410039474366,687.79411848261,596.48863944518,699.955367809499,381.710344451273,418.106615782858,372.01213102134,405.669803934386,396.313832462495,388.341052797839,725.088308808815,665.135624074508,481.192510241939,375.36994553354,387.453250714455,522.800172972698,386.654641856037,547.750328497461,370.911295758593,106.290733302787,183.95762722814,248.769012471482,114.176769889251,257.720041372099,376.675150734244,366.84608247259,119.249430998209,391.470328252622,400.437143838755,115.060140379244,403.044531998518,414.20907928161,116.603897096055,401.443753063967,404.865237605828,112.804140949608,382.412456199387,421.408807775172,406.669294756057,461.415240043788,389.015563047748,116.231407762546,411.065716328042,444.125130078652,441.7334196701,439.906809295445,433.326175854582,361.102536548188,436.387907823939,442.648213757838,430.571052967274,444.752437584438,461.292561481249,364.111016957957,364.999380389501,474.607172928332,434.605730131194,425.441897394085,436.840586840814,102.419255471334
"11",405.537698214334,411.58678395886,419.497314689519,390.157172892149,391.099977217377,405.874834173859,406.552266417287,393.831889409961,385.55695934791,395.585995517697,0,397.79504047241,109.564894726712,464.006267137873,493.548631622849,457.93683136531,128.373054564458,689.175768624013,598.464893313639,698.745415457667,481.731204359914,509.377221749273,471.099207174094,506.101386114605,496.937079524103,489.661891287346,815.612357753385,756.771045258746,577.890642278666,474.532174904323,487.528469536083,615.26841146589,485.967293548476,641.372202943616,470.826973257752,388.096957888839,463.614391812319,517.678703927268,394.007271201301,532.008757909631,477.516220201623,468.61309880104,397.04837436117,95.0224838202369,111.249955845965,401.417723921729,100.802553155301,122.02083280976,397.054856994674,109.303065480219,104.291700986889,396.962792794212,483.884065599157,522.66983034157,506.671554456804,456.874581513562,99.0865603905241,393.623511808021,118.686671919096,542.631431353791,540.975259439213,436.233290699738,430.666521654829,461.206054418204,433.924112428194,439.493092415,426.756492140984,442.718178107653,457.755331292359,464.768216077648,466.879152026182,472.258916964928,431.286835224988,421.653017539775,434.657546138238,389.408847342537
"12",149.513225199622,143.209526023869,426.521655110539,107.690404796737,102.989487731474,145.402172977032,152.93643165567,119.746719247771,97.4985113007088,125.829226696369,397.79504047241,0,408.488013267472,365.265125293222,395.77781102537,361.094131661205,432.331691800587,688.434065127989,599.332109173288,701.620268359712,385.204901844576,419.839561096236,374.205648707751,408.126693435537,398.635626548507,391.553159037756,728.736757631803,667.017062429716,482.999952110341,378.12934415731,390.070673819948,524.229162528272,388.585235673828,550.774093349806,373.880044460948,129.219107158764,213.400806437142,279.29102857979,135.961774454549,287.41500502763,378.846824904624,369.012991675871,110.508597460979,393.704360919909,402.464576453358,98.0107715239188,406.158937391757,415.84081145821,96.1155264914633,403.263711097242,406.675047808364,96.8729823727749,384.797956613256,424.000078573546,409.044319830677,462.878482727683,390.854764663398,101.734916518274,413.653579321093,446.562437035055,443.967811981179,441.526236200917,435.271255047466,362.782168065982,438.198060486359,444.372627019226,432.087798047188,446.561722322643,463.25648593293,366.534576598689,367.503407657283,476.222200770443,436.38690161259,425.985302280549,438.312952043565,84.8432969453236
"13",415.958526908394,421.281247980301,430.973160714013,400.783239767777,401.889592821753,416.564347459311,416.7192964033,404.867954946363,396.213026932361,406.089470958369,109.564894726712,408.488013267472,0,475.722553977739,504.559919670505,469.081059104251,144.960022397502,699.741396969504,608.764558231499,713.186117368843,492.508970003547,520.179745615457,482.360772965412,516.894454564717,508.022392706682,500.101531935184,826.36846861731,768.423420628003,588.309202736521,485.121521062583,498.513683981671,625.970564011984,497.109754846005,650.546347958722,481.911887859601,398.490648622921,474.239763583061,528.332212899307,404.243650681687,543.009661845922,488.330431571903,479.535517095643,407.344026601052,98.6704718842959,134.711308467236,411.922917717513,123.906537334304,131.626243403636,408.153630378613,125.951869124333,129.63861249993,407.485723755977,494.555344041191,531.791410081052,517.477203430195,467.860867410771,101.920284677327,404.325052188205,144.211362058155,554.3834614338,552.451627160221,447.372160712869,441.622409080602,471.91728550828,445.322851175086,450.450087235668,437.474589480333,453.753820322416,468.999027387223,475.692327821209,477.839316844156,482.75873989444,442.860038851032,432.522157448466,445.401813908779,399.718065358501
"14",370.642447789687,375.641474498316,411.718680883117,356.707790667272,359.366437882358,373.631025467386,375.532783483679,360.304963881123,352.249467622093,362.881479059063,464.006267137873,365.265125293222,475.722553977739,0,195.555916957151,189.93669073549,499.21914442273,677.687128512953,585.801507386374,690.483419744887,211.360751853212,276.883493641478,198.784124247634,198.222976742508,188.279437449732,181.841762094613,562.107420057373,496.541713999583,297.964898133577,179.796500585224,182.132165452966,369.616298150921,219.918643949462,397.072339563869,204.474869302423,352.656194567794,426.639276644884,480.301822895548,358.703159289043,494.151152364102,172.420372613327,174.229639150682,365.313351203595,461.021879961957,469.485575938844,367.307014080233,473.100836489093,483.274288514231,364.025847325261,470.369766189137,473.376650237507,364.019976559279,191.902125239411,220.209004908419,206.571421350856,447.935348134479,458.284792412023,361.143681468616,480.039646332706,254.885165477488,250.131270658053,427.68416068808,421.106737016962,172.814850971194,423.55868649207,431.212439123828,418.096248688412,432.189184659941,448.433584463067,173.52733464762,174.500142086625,461.650077420531,421.469574130724,411.67154780728,424.865093106472,355.530089231873
"15",401.338925736925,407.074303439642,440.391693806615,386.887474060335,388.893819511383,404.559917411079,405.841782363539,389.315174032537,381.673839813102,392.717099194513,493.548631622849,395.77781102537,504.559919670505,195.555916957151,0,194.615706165014,527.478967301452,705.685009114119,612.938878500656,720.169423292106,215.914662711888,285.093212212279,200.418930523649,275.015445417285,264.864519887742,260.208183292819,611.805914161285,545.685507769245,343.798447840038,226.979707558466,258.150535818853,376.52182315666,225.343834265809,404.844048531714,208.617200824295,383.890427301432,457.972379177421,511.425907743525,389.519753259158,525.321135386746,227.334402339876,207.851413974217,395.60806906007,490.658850205926,498.894402863335,396.967596485366,502.1262916397,511.593441652754,393.751415049197,500.479698291979,502.124557542738,393.19163150108,160.004061063687,206.85776169079,196.114741750495,476.256645800035,487.495678342973,392.188703143621,508.893734948511,232.245178459012,227.327802795982,454.861125126423,449.21810375334,167.676507105039,451.076496243481,458.003859148601,445.261642348441,459.537902888417,476.481895797518,164.915545571199,174.469284331158,488.892897784766,448.855797219103,438.924370582173,452.318686945298,385.565237876378
"16",367.217526615711,371.822343805114,404.388623000335,352.350747446977,355.265231286724,370.742210348002,371.372184144264,356.425259925436,348.036028568843,358.944858019707,457.93683136531,361.094131661205,469.081059104251,189.93669073549,194.615706165014,0,492.584181695409,670.119813058267,578.742218072041,684.230677556207,131.092600796285,213.952197508016,120.939589057683,255.230593573011,244.514127887528,238.384275566524,586.035646924722,520.695275681244,321.472001114119,200.678375636572,237.440134846292,293.809527788935,136.647865798678,324.720561797538,120.895510894663,349.244173095975,422.72162774823,476.990250334583,354.217167748835,491.263529682909,205.8932227835,189.812486133342,361.242623371676,453.716405731149,462.846645097957,362.300138599127,466.38135374704,475.566093267595,359.567531270759,464.842310903232,466.241311245747,359.34461326194,185.132261987586,220.096441815804,209.013856796449,440.489606379653,450.308615342268,357.452978717349,473.096369103919,249.108083744778,245.463334076859,419.529711817709,413.349184928583,136.501253268569,415.944170300331,422.839188506689,410.065217119373,424.182057078627,440.209795531848,145.497088097637,134.476937184594,452.678937019555,413.598228060874,403.422726798177,417.804662250638,351.084542757548
"17",439.939331760246,445.384363003862,454.580011650309,423.986649960252,424.463314824593,440.475293568882,440.170765319854,428.123597953289,419.534834631525,429.410039474366,128.373054564458,432.331691800587,144.960022397502,499.21914442273,527.478967301452,492.584181695409,0,723.321883538043,631.70775372913,736.381621047962,516.27036772401,544.222372200504,506.548870645432,540.350109302736,531.078134725297,522.056144546407,851.445220013254,790.941142922103,611.281902778959,508.126562528302,521.278433627911,649.31701741142,520.771650650694,674.809436963591,505.399544712306,422.468455818598,498.516000609424,551.003598043021,428.400887066781,566.033628938897,512.244254520253,502.804022262832,430.69255676462,126.710164251942,138.288309786697,435.300430946808,138.330118496815,145.492422349585,431.046579460914,141.200577157748,132.120260384643,430.351275466654,518.164189068126,557.26023867818,541.188195804057,491.94810400968,123.420223832808,428.032467973574,147.233800427337,575.501221963559,575.070056980927,471.084946848182,464.94292791566,495.2935054846,468.731781806364,472.671029284581,460.962319731322,476.583960753088,490.912690823448,498.503992525987,501.53600457432,507.014534918894,466.211933535593,456.360156332099,468.398328973032,423.141308268516
"18",696.227723841621,702.448893133374,432.690444368966,682.208450600577,683.934379136552,694.267382422779,696.797597175585,684.711774283014,678.398867540837,687.79411848261,689.175768624013,688.434065127989,699.741396969504,677.687128512953,705.685009114119,670.119813058267,723.321883538043,0,538.512426881083,658.892729950322,693.834780632911,715.648355950243,683.504308375301,719.053955011668,708.616781038651,704.509266895782,1023.1849898792,962.226331998431,789.12402933381,682.556613159108,699.885586535954,826.816121990323,695.876879580813,849.595799633887,683.774572444613,678.430211283573,749.871713304691,801.655024495009,684.289013811673,815.148623281814,689.645043412702,683.106387386313,688.435350134462,686.109052870778,692.413893741454,693.37151749012,695.773085207501,707.3507609524,688.580902943597,697.067431193309,697.483159406297,688.673034683077,696.848227478363,730.361364298288,721.413490909219,473.56863956512,683.327556245708,686.287437448374,704.510598953548,757.137938894881,752.393795730955,444.522516955295,436.98178561445,673.58906144484,438.369490053947,446.81264711707,435.2822132205,449.775846605789,467.892601071462,676.825323656704,679.625532200854,483.146296693937,440.216647170828,425.118351952668,439.817406674158,681.654253460405
"19",605.723692177788,612.170051369227,337.384196937553,591.307808813275,593.713723495966,604.751912662839,607.025330293155,595.332159218774,587.148913824125,596.48863944518,598.464893313639,599.332109173288,608.764558231499,585.801507386374,612.938878500656,578.742218072041,631.70775372913,538.512426881083,0,549.238839602868,602.921701144338,623.879273061908,589.604516003128,626.288334693412,618.639301830095,609.531702505641,938.100348056884,875.071574835288,698.187455558864,593.936963393342,607.907907118507,737.636760615964,606.150731779062,759.95812820719,591.850720887417,588.485860417912,658.844214583985,713.289412108899,593.32548659131,726.553381052479,597.705926980834,589.504249123561,598.023315003601,595.484440463142,602.589733159612,602.082783809612,603.28854625253,615.107581554451,598.658490098297,606.131430370007,608.219802657986,598.477365597426,604.33961801013,641.825959599407,626.876026952839,378.190710888013,591.684762227518,595.623995885473,614.379122593569,663.893817962297,661.416675212164,350.599721410389,343.20735338364,582.382443500334,344.753184754783,351.754598393802,339.976050917498,356.157020340725,373.641052957409,585.00550978986,585.990983519113,390.603708741789,347.021982709155,330.370257102206,346.842170090738,589.46578410721
"20",707.319296416764,715.400294285373,449.734966242024,694.924967871017,696.073895218673,707.137532399733,709.236359956931,697.893779259115,690.540296497331,699.955367809499,698.745415457667,701.620268359712,713.186117368843,690.483419744887,720.169423292106,684.230677556207,736.381621047962,658.892729950322,549.238839602868,0,707.530999227366,725.271903025704,695.839896849934,732.281740839962,721.366685297149,714.761989602105,1032.08798354096,974.758406494981,799.686246041671,697.911489267052,713.38282219652,841.150282044657,709.131981663201,862.931591711929,696.77571866905,692.618402051626,760.673996956333,817.060980433732,697.47946306754,828.136251322064,704.096625187514,695.289132250149,702.91125811937,699.183657210921,703.897540045579,704.855649564017,709.351338720685,718.731989071517,701.236974499262,710.713981016283,711.854048722781,702.36770188638,710.199022248426,744.776749617701,731.406566189547,490.155704858061,697.155979812539,699.718899892526,719.084121740303,767.001190668092,768.287652440427,463.041432194551,455.31859708607,688.230693062277,456.584026902083,464.304248547648,451.521819110195,469.086838949155,486.614116427423,691.49040445542,690.243744525264,499.884790868174,458.788286526947,444.085757525627,458.046170845755,692.587057694352
"21",391.40438482389,396.330772679542,427.501666689053,376.532243322247,379.084245902041,393.763688212813,395.31925948458,380.091701619962,371.171738381934,381.710344451273,481.731204359914,385.204901844576,492.508970003547,211.360751853212,215.914662711888,131.092600796285,516.27036772401,693.834780632911,602.921701144338,707.530999227366,0,231.922892771285,133.31211607795,277.231188393988,266.381617108921,261.768603196918,609.32412740253,543.863921307228,344.632792508206,223.381150623299,259.821150029273,314.063131947904,144.002702422498,346.578839862308,145.81297159829,373.163880996102,447.249206065639,500.610554347255,378.19790249946,514.300398276248,228.498272435032,211.696074420893,385.24890171609,478.025593536604,486.603552165294,386.876377028247,489.822333486552,500.059995474289,383.247445008139,488.324533586746,490.397005891441,382.440838214291,208.198443730643,243.543344507804,228.475535499245,462.676967741196,473.549113705003,380.941566576075,497.09269716284,270.641556607882,266.655476356892,442.374857310769,436.838368966979,156.103878806529,439.164902054433,446.087877594754,433.167171986198,447.175017854456,464.487731461667,164.283374155645,158.447865020983,475.999991452039,436.809777788391,426.936391583884,441.104692297122,375.172012804401
"22",425.933248854159,431.709053472904,450.231593672585,411.703593288785,413.409495650019,428.122491478454,428.431605673866,415.715860790958,407.37724980987,418.106615782858,509.377221749273,419.839561096236,520.179745615457,276.883493641478,285.093212212279,213.952197508016,544.222372200504,715.648355950243,623.879273061908,725.271903025704,231.922892771285,0,221.767616552072,339.667384499187,328.751799830064,323.684427503717,665.611306806456,599.383122040629,407.428953571335,287.314974314134,321.709689314333,390.920950514524,234.329753250954,417.795254903617,224.936998389555,408.619926902412,482.97549129319,535.422970335052,414.01246675536,548.603595371183,292.593935964055,277.374059873648,419.527404243931,505.708584526221,514.79126351038,422.89720110562,517.992854806646,527.645681960709,417.944060180128,515.616271525897,517.958874186902,419.228454728296,276.129340102449,312.97329650115,299.901903121406,484.165757454531,502.31369711054,416.352152971403,525.489956271612,339.084337765605,334.850787433035,466.967020095997,460.115467183409,227.878495436398,461.830129884908,468.480643761038,455.289683731518,471.233395226404,487.433298305641,240.383565421765,233.751830091108,499.866879552119,459.630628920201,449.791693128937,465.034857122887,411.168881391053
"23",380.556691248967,384.605132543213,416.369495956008,365.117157193851,368.283639849788,383.859262339291,384.089840559005,367.773940826176,360.559194410778,372.01213102134,471.099207174094,374.205648707751,482.360772965412,198.784124247634,200.418930523649,120.939589057683,506.548870645432,683.504308375301,589.604516003128,695.839896849934,133.31211607795,221.767616552072,0,264.313575405355,254.774319807881,248.827823826501,597.680611845735,532.289296899181,332.310005836831,210.707266718762,246.439942851348,307.573595712279,141.104440905645,338.550449244411,136.337043949526,362.280790064832,436.780760391166,490.370514121681,367.640134578886,502.704486669329,215.485980243889,199.594165026268,374.218272321735,466.75604692997,476.482730218948,376.106910650431,479.767642606621,490.000893938611,372.049294501261,478.368771083572,479.914513699954,372.041212563147,193.497714668779,228.461158687715,215.609983497479,452.5917271358,464.586722256917,370.650030544677,486.890145521045,256.324482641727,252.499897664302,430.382966964323,425.391539000505,143.020497277075,427.997716855248,433.907175390735,421.857705655422,436.247225116273,452.307969374105,152.349561979659,146.273522499516,464.166751831667,424.369084559616,415.780127621058,429.093945292777,364.280889610852
"24",412.920603447219,418.141519522294,453.25369928975,399.723802056998,402.083431042556,417.139810540926,418.168416402806,402.637037861859,395.166919239804,405.669803934386,506.101386114605,408.126693435537,516.894454564717,198.222976742508,275.015445417285,255.230593573011,540.350109302736,719.053955011668,626.288334693412,732.281740839962,277.231188393988,339.667384499187,264.313575405355,0,168.19979813009,161.841228927845,594.905811175129,528.467382110682,329.333939416947,210.38642388037,158.76132023543,430.749580475288,283.838553073058,456.914256712243,270.115068446261,394.879239051958,468.945795100458,521.765985201283,400.825730279014,536.711377278354,202.564450349764,221.881781151227,408.145895718366,503.762505565517,511.514005279276,409.457106685171,514.781340263034,525.465283525092,405.649943128371,513.06265534443,515.060203724256,406.723855837966,269.979793531002,299.865053381318,287.017420530006,490.551673311361,500.623389672735,404.775146491138,521.424380042298,330.709541959384,326.62741021398,469.102969355224,462.893448213686,242.188126667505,465.598427800921,472.30717935595,459.020827514349,474.519788119136,490.469344959486,243.173166658165,242.050472948866,503.039713905726,463.053238738336,453.257387756695,466.474007304923,398.142576322968
"25",404.452230751478,410.215656625681,444.284411801203,390.770088750664,394.271287211547,407.418298363497,409.145120418408,393.400935220924,386.471939941743,396.313832462495,496.937079524103,398.635626548507,508.022392706682,188.279437449732,264.864519887742,244.514127887528,531.078134725297,708.616781038651,618.639301830095,721.366685297149,266.381617108921,328.751799830064,254.774319807881,168.19979813009,0,149.896422421832,582.788379694576,517.446077499943,317.46171170217,201.795797890907,148.907582558144,419.762157999784,275.251805621061,446.020866360237,259.944192818339,385.550247767128,460.431617778334,514.222018361976,392.103982122558,527.37084410964,194.049577289106,212.805101214491,399.804862953337,494.228568509805,501.880935820997,402.07017376112,505.512109516595,515.060865177211,397.589949173419,503.96351452138,506.176838317057,396.943209997979,260.392781116702,290.266922086467,277.501240914363,481.309391112957,491.423718858241,396.420890202359,512.926216219008,321.065966874853,317.479778932513,459.527709221738,453.962425814019,231.930486614197,456.624507637787,463.135616274983,450.190371166657,465.092744183127,480.783740975458,233.972585941476,232.186216901002,494.002678419228,453.18871127305,444.384846407805,458.077608641959,389.993835188304
"26",396.43224976724,402.055512952848,437.891954269395,382.902821120292,385.691745440492,400.328849144232,401.288802896628,385.635765416692,378.156014485407,388.341052797839,489.661891287346,391.553159037756,500.101531935184,181.841762094613,260.208183292819,238.384275566524,522.056144546407,704.509266895782,609.531702505641,714.761989602105,261.768603196918,323.684427503717,248.827823826501,161.841228927845,149.896422421832,0,575.578344925844,512.514302812304,311.496144441989,195.520635125188,143.052751357952,414.355927218963,268.560241225226,439.409863632463,254.256830872943,378.118047372321,452.273040315963,507.121700303743,384.031844453331,520.117530667867,189.292272057004,206.368711318907,391.385536762164,485.978535281196,494.456696167435,393.232725249202,498.097832455103,506.816295042524,389.226513443586,496.46216654146,497.295211405641,389.619698535187,254.019887621937,284.226564727573,271.538979472068,474.584577137553,482.998562615146,387.636300641718,504.049609004408,314.396130481565,311.296471904638,452.59636375245,446.995851926891,225.801672954686,449.566437505793,455.845929299859,443.200304036402,457.970191421243,475.005963337178,228.185057252366,226.56328068807,485.751107615898,447.518702938635,437.509673940521,450.941848051376,381.021122928093
"27",732.155948278762,739.139329804193,767.600427064159,718.581457601236,722.91058385518,735.895176124827,736.564054592055,721.05304346024,715.540881882595,725.088308808815,815.612357753385,728.736757631803,826.36846861731,562.107420057373,611.805914161285,586.035646924722,851.445220013254,1023.1849898792,938.100348056884,1032.08798354096,609.32412740253,665.611306806456,597.680611845735,594.905811175129,582.788379694576,575.578344925844,0,822.017506629428,628.285016157021,562.730880272113,575.432066427939,752.409007171514,614.002457823227,782.775839431796,602.519145618714,715.395259166231,787.961138654726,839.307740873705,720.237893758877,849.041251276934,555.097670423967,562.943675938019,726.783644276764,811.143132485708,822.143027885334,730.506121484203,824.14530141969,834.229185253658,725.503878651505,821.645375478064,823.114035071204,725.462568811455,603.619635615575,635.634879959732,624.488378182523,800.414579787548,810.321543691744,724.169127162275,831.940250794131,663.779171307444,661.508273905684,783.279596048932,777.851409977983,574.411740333238,779.245127522292,785.856210783349,772.993914214539,787.88240252576,804.711876775614,577.984528712204,575.737437979752,814.998955639135,775.719018343034,767.017943522105,779.104299043392,718.713332819938
"28",673.318273465308,678.556662123208,705.635009822156,660.099658180092,662.138239358405,674.804460043716,676.021748277986,662.152747066886,655.36323453819,665.135624074508,756.771045258746,667.017062429716,768.423420628003,496.541713999583,545.685507769245,520.695275681244,790.941142922103,962.226331998431,875.071574835288,974.758406494981,543.863921307228,599.383122040629,532.289296899181,528.467382110682,517.446077499943,512.514302812304,822.017506629428,0,554.453240379392,496.451092575753,508.473946319743,691.934721513829,549.725645680628,710.967036144072,537.049746697783,655.98487669632,724.707255504523,779.661058482662,661.203985783642,793.140646852321,490.246743926849,494.932492980754,667.788724873204,754.297749298659,761.739743962295,669.103185037978,766.497476859187,774.392348943144,666.569982470194,762.302384424828,767.029238910933,666.948258504022,539.012056562715,570.13536465688,557.348374813538,742.42175937051,751.028617835762,664.420727507273,773.175707001155,600.520436298293,596.062621797585,723.342592057727,716.915852200703,508.929772818096,715.592077014809,727.395488944718,712.542418698822,727.460252491043,744.894061814249,512.740734030831,512.328582416917,756.268164721159,716.541118446167,707.088237448458,719.741410264576,658.778937635291
"29",489.21220265103,494.000702815522,527.84170123762,473.732997922994,476.722522069987,490.888977651993,491.207113839165,477.263498888717,469.742241479379,481.192510241939,577.890642278666,482.999952110341,588.309202736521,297.964898133577,343.798447840038,321.472001114119,611.281902778959,789.12402933381,698.187455558864,799.686246041671,344.632792508206,407.428953571335,332.310005836831,329.333939416947,317.46171170217,311.496144441989,628.285016157021,554.453240379392,0,296.73590768475,311.762121793566,497.310192197207,351.365310371473,526.034994991933,338.309540104121,471.25697255513,541.747334905083,597.07897418137,476.165222096771,611.114506717254,291.074557522855,293.567039078114,482.890411994935,574.65119206129,582.662054857789,484.75073942217,586.869171854165,596.339670005505,481.858678569551,584.344749882522,586.654839490891,479.835727668258,340.390088495425,371.460370062752,359.146516770898,563.795327412112,571.230425589111,480.088285762805,593.510108171688,400.100576829475,396.816074931709,543.550927041726,537.659479425777,309.537355439839,539.160295683229,545.507593868829,532.656970053962,547.666048221725,564.815507593979,310.697251118225,309.281366263925,576.099031510033,536.448878128763,526.334610173327,540.054501437647,473.062518754673
"30",383.648973275188,388.039290197694,419.705897762464,369.825113217915,371.565169292836,386.406242972741,388.196832141762,372.545659633446,364.579494609497,375.36994553354,474.532174904323,378.12934415731,485.121521062583,179.796500585224,226.979707558466,200.678375636572,508.126562528302,682.556613159108,593.936963393342,697.911489267052,223.381150623299,287.314974314134,210.707266718762,210.38642388037,201.795797890907,195.520635125188,562.730880272113,496.451092575753,296.73590768475,0,194.356325057605,381.276410746893,231.149282811408,406.043446621936,216.990646107059,365.450043759609,438.523703570535,492.106118302352,370.810219854342,506.382408195618,163.171634978974,182.852770003814,375.704527519313,471.86617251717,479.111095463158,380.17857579225,482.654966407447,493.307071094289,375.878409574274,479.897349761752,483.544069871589,376.656551457463,220.028197242628,250.71675652988,239.475898141356,454.712578860119,468.723992945655,374.602000583653,490.11507544568,281.141378442932,277.201365722075,434.995320185754,429.29673728077,188.728893896301,431.626301126377,438.784012210588,425.553376397636,441.116944840544,457.043442506586,191.633218480865,188.426822137208,468.918022810281,429.444454580782,419.539425394669,433.095888623019,367.549990050075
"31",395.388815479723,401.287624595264,434.219949031581,381.669546553885,383.294868222798,398.220619359946,400.156442191699,383.570032366811,376.31886309732,387.453250714455,487.528469536083,390.070673819948,498.513683981671,182.132165452966,258.150535818853,237.440134846292,521.278433627911,699.885586535954,607.907907118507,713.38282219652,259.821150029273,321.709689314333,246.439942851348,158.76132023543,148.907582558144,143.052751357952,575.432066427939,508.473946319743,311.762121793566,194.356325057605,0,413.645710123008,266.263468203398,436.829426516031,251.3368158465,376.868523251483,452.042257639225,504.811808012311,382.798307591062,517.139335386761,187.662622024595,203.297039555584,389.688900470014,484.808576760833,492.405423463013,391.936937439265,496.261178811785,507.137410326639,387.952824364652,493.907138892406,496.4982335099,387.95371100031,252.457174312211,282.789641144468,269.811120448102,472.167635955964,481.584444073266,386.393634759856,503.456921762845,312.873393486374,309.160153860868,450.446393749909,443.917884481756,224.955727700562,446.754017040846,453.179577601741,441.215898830508,456.04433691634,470.622283504082,226.232878906347,224.2230957729,484.769844972523,443.772634032033,435.518955128722,447.805651920192,379.666583190818
