"V1"	"V2"	"V3"	"V4"	"V5"	"V6"	"V7"	"V8"	"V9"	"V10"	"V11"	"V12"	"V13"	"V14"	"V15"	"V16"	"V17"	"V18"	"V19"	"V20"	"V21"	"V22"	"V23"	"V24"	"V25"	"V26"	"V27"	"V28"	"V29"	"V30"	"V31"	"V32"	"V33"	"V34"	"V35"	"V36"	"V37"	"V38"	"V39"	"V40"	"V41"	"V42"	"V43"	"V44"	"V45"	"V46"	"V47"	"V48"	"V49"	"V50"	"V51"	"V52"	"V53"	"V54"	"V55"	"V56"	"V57"	"V58"	"V59"	"V60"	"V61"	"V62"	"V63"	"V64"	"V65"	"V66"	"V67"	"V68"	"V69"	"V70"	"V71"	"V72"	"V73"	"V74"	"V75"	"V76"
"P_ni_77876_suta"	0.0	0.1037361320338574	0.256319131759203	0.10790311080778908	0.10707082476772284	0.10625518444845791	0.10667410175529125	0.10470713241393469	0.10566148707321066	0.10526753834757929	0.17870013566262452	0.10906553697708161	0.17973217035230668	0.11096314914843267	0.11476114777793499	0.11369304735984996	0.18050064779596786	0.2601920361323113	0.2700546257070964	0.2641620405434273	0.11264714123616672	0.12957861357791445	0.1119785381173135	0.10786704507938621	0.10824712237101647	0.1109409548540309	0.10975078581673617	0.10962039433712578	0.10995608303995251	0.11045545466399226	0.10822770236341492	0.11349052442343384	0.11359594732184224	0.11517451651116789	0.113856730281063	0.10529805550238172	0.10430763511470288	0.10720953910773388	0.105866784296427	0.10510662971316649	0.10924031704549553	0.10836086812982552	0.10746199920655397	0.17835889838619737	0.18135512813043586	0.10673513606489611	0.1795768102914943	0.17689130066888054	0.10737599631574712	0.18098892227280672	0.17953797027629123	0.10618860156525262	0.11498309072195266	0.11541033088918666	0.11579595675441735	0.2503488665651278	0.17891375574624155	0.10687662469170738	0.18189888834327916	0.12129459319245504	0.1145891419963213	0.24462828718307242	0.24970800631427675	0.11311322141860382	0.2520994415360671	0.24645654218441795	0.2533478705961665	0.2501907322175152	0.25204950437366314	0.11269707839857068	0.1102612545879768	0.2466119022452303	0.2532840619997614	0.2535337478117813	0.2508066238871642	0.10464054953072939
"P_ni_78155_suta"	0.1037361320338574	0.0	0.2546712053998718	0.10575026425081772	0.1050012068147581	0.10515101830197002	0.1054534155631941	0.10394697783067418	0.10406349787628345	0.10335882902902736	0.17597023745120724	0.10665745603448994	0.1757150030655869	0.10817221662741051	0.11390111886986654	0.11321587003021198	0.17754880664053288	0.2585274640521788	0.2678906820029241	0.26341298310736766	0.11152078079527705	0.1281748244570027	0.11117399494524945	0.108077890876203	0.10793640224939174	0.10867158825145026	0.10758684211256392	0.10748419350095574	0.10882972259906284	0.10960652290312468	0.10765619928256943	0.11417854754988861	0.11082720909522184	0.11545194519118998	0.11365143305784665	0.10316185466621168	0.10186071415690812	0.10385820065306711	0.1040024635666786	0.10221582286733638	0.1077311050261754	0.10680171894810142	0.10444357516791371	0.1749687199163275	0.1770993721788971	0.10419943792949428	0.1764585119280461	0.17374525943743013	0.10397472069867639	0.1768829778084799	0.17594804315680546	0.10401910928747993	0.1132852272002175	0.11433945618430143	0.11501360787675509	0.24888959170821162	0.17539041150996107	0.1042022122162945	0.17771526384854613	0.12019042704596716	0.11453920483391732	0.24298036082374125	0.24774935983332086	0.11114347779044702	0.25011860076070946	0.24524140456592122	0.25169439566323487	0.24880913739100521	0.24995769212629662	0.11231422682014021	0.10991169445114897	0.2448141643986872	0.25075946101156044	0.252462873106896	0.24939728619265203	0.10397472069867639
"P_ni_80034_pu"	0.256319131759203	0.2546712053998718	0.0	0.2566908861904326	0.2566797890432317	0.2558641487239668	0.25624422601559704	0.25519277131831336	0.25664094902802864	0.2569461205760529	0.25996177032789297	0.25776453518211806	0.2605943077183433	0.25743162076609155	0.2585663040673819	0.259146130008628	0.26202861399405747	0.18498944383872515	0.1937700615614241	0.1900802601171304	0.2582777782401589	0.2674523446884892	0.256294163178001	0.25470172255467427	0.25448255389745683	0.25479049973228135	0.2544548110294546	0.2554008428283299	0.2553592285263266	0.2549985712422979	0.2539249222506124	0.25787828094092713	0.2582222925041545	0.2588465070342042	0.25731232643368207	0.2562775174571997	0.2557198858103553	0.25588079444476813	0.25554233145514116	0.25630248603840167	0.25522051418631553	0.2539637622658155	0.2564772661068156	0.2600311274978985	0.2629885172269339	0.2575370436645	0.2614487880528113	0.2599673189014934	0.2557309829575562	0.261834413918042	0.2603002333175199	0.25619151456639283	0.2589269613514106	0.258078029590543	0.2593125872166413	0.18207089412489286	0.26106871076118104	0.25708483491606393	0.26295522578533126	0.2515889727648265	0.25645784609921407	0.16916491193026553	0.17012758944994216	0.2567075319112339	0.17281864764615637	0.1704383095715669	0.17377855087903277	0.1729185219709643	0.17266883615894443	0.25715141779926926	0.25610273738878575	0.17047714958677	0.17444160542428555	0.17557351443877564	0.17274096761575017	0.2559362801807725
"P_ni_80555_arsu"	0.10790311080778908	0.10575026425081772	0.2566908861904326	0.0	0.10670461891009368	0.10640499593566984	0.10760626212016546	0.10357522339944458	0.10565593849961022	0.1053341212307846	0.17863355277941922	0.10619137585205284	0.17856696989621393	0.11306050996939962	0.11993241837354662	0.11888096367626293	0.17981817324311353	0.26147930520761375	0.26977164845347384	0.26527175526351565	0.11701941723331474	0.13355139227583068	0.1170665801089185	0.11157904081808169	0.11177046660729693	0.11420906470469104	0.11143755219127043	0.11241687543174839	0.11152632936887749	0.11258610692656186	0.11181762948290068	0.11831223488221765	0.11744110882694832	0.11838159205222318	0.1176408574765642	0.10539792982718968	0.10414672648029008	0.10704308189972063	0.10616085869725041	0.10581684713402302	0.1132852272002175	0.11229480681253867	0.10600272434963781	0.17804817826457264	0.17971829891830557	0.10704585618652085	0.17937706164187842	0.17638083189763992	0.10505114397716207	0.17939648164947997	0.17895537004824486	0.10307585177540483	0.1181180348062022	0.12050947002799256	0.11902522658987441	0.25129767265080327	0.17729357225491257	0.1081583451934094	0.18093898511040274	0.1247901945607333	0.11949408105911173	0.24636499072001064	0.2497801377710825	0.11532710228518003	0.2525266817033011	0.2478214912901266	0.2541912537834336	0.25097308109517746	0.2531758648145528	0.1164146227108666	0.1157210510108114	0.24753296546290363	0.2541607366286312	0.25532593708472395	0.2512948983640031	0.10303701176020175
"P_ni_80684_arsu"	0.10707082476772284	0.1050012068147581	0.2566797890432317	0.10670461891009368	0.0	0.10572252138281552	0.10733993058734426	0.10275403450657922	0.10250989726815979	0.1042022122162945	0.17843935270340378	0.10418834078229339	0.17838386696739936	0.11503580217115685	0.12037630426158195	0.11971324971632917	0.1796961046239038	0.2609078021267683	0.269372151154242	0.2646170235786635	0.11771298893336996	0.1345612326711111	0.11816519768180594	0.11227816109173734	0.11236416398254419	0.11357097874064025	0.1132186443170122	0.1128718584669846	0.11343503868742943	0.11215331818572741	0.11217273819332894	0.11982144690153779	0.11805700049659734	0.1205677300507972	0.11887818938946271	0.1059194957456312	0.10488468676914882	0.10565593849961022	0.10496791537315545	0.10464609810432983	0.11231977539374065	0.11184537235090289	0.10366122629025143	0.17783733246775585	0.18046180778076476	0.10526476406077907	0.179748816073108	0.17614779180642137	0.10255983443056377	0.17914679583746007	0.17921060443386516	0.10159993119768736	0.11929433240949583	0.12110871597684025	0.12090619304042413	0.2508426896155671	0.17716595506210242	0.10559490419000535	0.1813995167192394	0.12803056154339124	0.12037630426158195	0.2459322019791762	0.25005201787750414	0.11694173720290857	0.2524323559520936	0.24696146238205813	0.25343664777377356	0.250917595359173	0.2522825444648817	0.11732458878133904	0.1160539654268379	0.24688378235165195	0.25312870193894904	0.25443816530865326	0.24988556066949089	0.10235453720734743
"P_ni_80802_arsu"	0.10625518444845791	0.10515101830197002	0.2558641487239668	0.10640499593566984	0.10572252138281552	0.0	0.10624686158805725	0.10351418908983973	0.10515101830197002	0.10479590959154175	0.17858361561701525	0.10670184462329346	0.17847819271860688	0.10934851423070414	0.11236971255614463	0.11247790974135324	0.18038967632395903	0.26050830482753645	0.26819030497734797	0.26418423483782905	0.11219770677453093	0.12892943046666278	0.11135154930046358	0.107839302211384	0.1071318590773277	0.10941509711390944	0.10884636831986418	0.10877146257625821	0.10870765397985313	0.10898508265987521	0.10739541632334867	0.1124196497185486	0.11151523222167661	0.11332684150222082	0.11234196968814242	0.10423272937109693	0.10346425192743576	0.10489023534274926	0.10491242963715103	0.10395252640427462	0.10882972259906284	0.10755077638416104	0.10539792982718968	0.17715485791490151	0.17966281318230115	0.10576413568481882	0.17926609016986958	0.17684691208007702	0.105389606966789	0.17979597894871177	0.1790663415202537	0.10483474960674484	0.11371801594105195	0.11443378193550893	0.11341007010622745	0.2511034725747878	0.17811476114777794	0.1047626181499391	0.18122196236402527	0.12070644439080823	0.11410641609308288	0.24498894446710112	0.24863158303579108	0.11192027809450886	0.25140032126241146	0.2460514963115857	0.2529927618857382	0.24970245774067631	0.2522825444648817	0.11228093537853756	0.10977852868473838	0.24620130779879762	0.2523463530612868	0.2541662852022316	0.25044041802953504	0.10477926387074044
"P_ni_80874_arsu"	0.10667410175529125	0.1054534155631941	0.25624422601559704	0.10760626212016546	0.10733993058734426	0.10624686158805725	0.0	0.10437699228470841	0.10644661023767316	0.1059749814816356	0.17851980702061018	0.10684888182370517	0.17898033862944684	0.11063855759280683	0.11352659015183672	0.11330742149461927	0.17993746757552304	0.26064979345434774	0.2694747997658502	0.26492496941348803	0.1110741206204415	0.12817759874380294	0.11094927771443157	0.10648267596607602	0.10672403891769523	0.10762013355416657	0.1084773881754348	0.10872429970065445	0.10872152541385423	0.10901559981467764	0.10640499593566984	0.11208396101572188	0.11184537235090289	0.11266378695696803	0.11112405778284548	0.10601104721003848	0.10491520392395125	0.1046821638327327	0.10499288395435744	0.10476539243673932	0.10864384538344805	0.10805847086860146	0.10703753332612019	0.17738512371931986	0.17958235886509474	0.10664913317408928	0.17950190454788836	0.17748777233092802	0.10553109559360027	0.18015941051954068	0.17952964741589056	0.1051482440151698	0.11393163602466896	0.11370969308065129	0.11356265588023959	0.251394772688811	0.17783455818095564	0.10667410175529125	0.18107492516361356	0.12045953286558858	0.11314373857340625	0.24468654720587704	0.24970523202747655	0.11150690936127595	0.2522575758836797	0.24681442518164642	0.2529234047157327	0.25070397527555605	0.2518580785844479	0.11203957242691835	0.11065797760040838	0.2467034537096376	0.2533756134641687	0.2545297167730606	0.2499271749714942	0.10609150152724488
"P_ni_85430_arsu"	0.10470713241393469	0.10394697783067418	0.25519277131831336	0.10357522339944458	0.10275403450657922	0.10351418908983973	0.10437699228470841	0.0	0.10255428585696331	0.10165541693369178	0.17653064338485183	0.10352806052384084	0.1761145003648187	0.11033616033158276	0.1142562275802948	0.11415912754228706	0.17656116053965426	0.25911006428022515	0.26786848770852234	0.2631078115593434	0.11299670137299454	0.1302111509683648	0.11257778406616119	0.10748419350095574	0.10866326539104959	0.10954826288032005	0.10694320757491269	0.10687385040490716	0.10850235675663679	0.10905721411668096	0.10802240514019858	0.11477779349873632	0.11229203252573844	0.11460856200392285	0.11386227885466343	0.10349476908223819	0.1023378914865461	0.10252654298896112	0.10361961198824812	0.10179967984730326	0.10876868828945799	0.1085717139266423	0.1039497521174744	0.1749298799011244	0.17651122337725028	0.1030175917526002	0.17570390591838603	0.1733180192701961	0.10279842309538276	0.17721034365090593	0.1764585119280461	0.10198833134971827	0.1135238158650365	0.11560453096520212	0.1148416020951414	0.24959980912906815	0.17489658845952177	0.10489578391634971	0.17843657841660354	0.12085070730441971	0.11451701053951556	0.24350192674218277	0.24852616013738268	0.11251397546975611	0.24961368056306926	0.24541895892113536	0.25107850399358583	0.24944167478145557	0.2513503841000075	0.11308547855060161	0.11077727193281788	0.24462551289627218	0.25104243826518297	0.2532341248373574	0.24895340030461668	0.1025653830041642
"P_ni_85721_suta"	0.10566148707321066	0.10406349787628345	0.25664094902802864	0.10565593849961022	0.10250989726815979	0.10515101830197002	0.10644661023767316	0.10255428585696331	0.0	0.10267080590257259	0.17844490127700421	0.10460448380232652	0.17745170660252516	0.11347665298943274	0.11790164043578497	0.1186923121738479	0.17891375574624155	0.2606636648883488	0.2696662255550654	0.26532169242591963	0.11580982818841846	0.13351810083422805	0.11572937387121206	0.11129606356445916	0.11169833515049118	0.1129384413501899	0.11170388372409162	0.1107134633364128	0.11136542073446469	0.11189808380010709	0.11106857204684106	0.11762421175576289	0.11678082856849575	0.1176935689257684	0.11657553134527941	0.10486526676154727	0.10317572610021279	0.10462390380992806	0.10365845200345121	0.1033643776026278	0.11189253522650665	0.11018634884437083	0.1022185971541366	0.1763281204484357	0.17994579043592368	0.10366122629025143	0.1794269988042824	0.1768580092272779	0.10231014861854389	0.1796961046239038	0.17891098145944132	0.10049021647759902	0.11739672023814478	0.1193165267038976	0.11832055774261832	0.25040435230113217	0.17778739530535187	0.10432428083550421	0.18057832782637404	0.1259886864584287	0.11856192069423753	0.24537179604553158	0.24910321179182862	0.11548801091959285	0.2519884700640583	0.24689487949885283	0.2531259276521488	0.25050700091274036	0.25335341916976695	0.1167197942588909	0.1147223077627319	0.24584065051476892	0.25329515914696227	0.2541662852022316	0.25137257839440924	0.10073435371601845
"P_ni_86072_arsu"	0.10526753834757929	0.10335882902902736	0.2569461205760529	0.1053341212307846	0.1042022122162945	0.10479590959154175	0.1059749814816356	0.10165541693369178	0.10267080590257259	0.0	0.17720756936410573	0.10439918657911018	0.17750719233852957	0.110741206204415	0.11743001167974743	0.11592912252082796	0.17859193847741592	0.25981473312748127	0.26940544259584465	0.2642397205738335	0.1148554735291425	0.1314207400132611	0.11430893902949898	0.11023073743317437	0.1104887461055949	0.11167891514288965	0.10968420293353086	0.11101308631083665	0.1100226659231578	0.11120451210005187	0.10973136580913462	0.11666985709648692	0.11429506759549789	0.11752711171775516	0.11548801091959285	0.10346147764063553	0.10287055455218849	0.10348089764823708	0.10255983443056377	0.10276513165378011	0.10947890571031452	0.1097813029715386	0.10445467231511459	0.17638360618444013	0.1787084585230252	0.10457119236072386	0.17841715840900202	0.17456089975669506	0.10239892579615095	0.1787362013910274	0.17760706666333753	0.10154444546168294	0.11579873104121757	0.11784060612618011	0.11620655120085004	0.2507372667171587	0.1774156408741223	0.10478481244434087	0.18071149359278463	0.12307568531819682	0.1167197942588909	0.24507217307110774	0.2495803891214666	0.11374021023545372	0.2513836755416101	0.24760509691970936	0.2537917564842018	0.25046816089753726	0.25226035017047993	0.11481108494033897	0.11351271871783561	0.24628453640280426	0.2530288276141411	0.2541718337758321	0.25085101247596775	0.10153334831448206
"P_ni_A14342_pa"	0.17870013566262452	0.17597023745120724	0.25996177032789297	0.17863355277941922	0.17843935270340378	0.17858361561701525	0.17851980702061018	0.17653064338485183	0.17844490127700421	0.17720756936410573	0.0	0.18016773337994135	0.10589452716442921	0.17981817324311353	0.1822512227669072	0.18320280313938295	0.1001933677899754	0.2635516974473787	0.271821846398837	0.26683367873203995	0.18115815376762018	0.19486035627391088	0.18103331086161026	0.1771770522093033	0.17811753543457814	0.17811476114777794	0.17677478062327126	0.17869736137582432	0.17744615802892472	0.17806204969857373	0.17780404102615321	0.18157984536125377	0.18210141127969529	0.18262020291133657	0.18079749648359147	0.17701059500129004	0.17444992828468622	0.17680252349127348	0.17820631261218522	0.1760312717608121	0.17762371238413885	0.1783367040917956	0.18007895620233427	0.10603601579124047	0.10643551309047226	0.1798126246695131	0.10506224112436295	0.10545064127639388	0.1783228326577945	0.10385542636626689	0.10437976657150863	0.17892762718024263	0.18332764604539287	0.18167417111246126	0.18380759766183108	0.25848030117657506	0.10662971316648773	0.17894982147464442	0.10630789589766211	0.18417380351946022	0.18295034304056285	0.25054584092794346	0.25415518805503073	0.17989862756031993	0.2566797890432317	0.25231306161968414	0.2578616352201258	0.2563968117896092	0.2565743661448233	0.18081969077799326	0.1787223299570263	0.2539221479638122	0.25632745461960366	0.2576091751213057	0.2554258114095319	0.17829508978979228
"P_ni_A15120_suta"	0.10906553697708161	0.10665745603448994	0.25776453518211806	0.10619137585205284	0.10418834078229339	0.10670184462329346	0.10684888182370517	0.10352806052384084	0.10460448380232652	0.10439918657911018	0.18016773337994135	0.0	0.17954074456309144	0.1144837190979129	0.12053998718279499	0.11993796694714706	0.18096950226520517	0.26103819360637864	0.26979661703467583	0.2648139979414792	0.11904742088427618	0.13523538436356475	0.11775182894857304	0.1127525641345751	0.11186756664530466	0.11397879890027271	0.11283856702538195	0.11306883282980028	0.11352104157823628	0.11392608745106851	0.11286908418018438	0.12093948448202678	0.11933594671149914	0.12079244728161508	0.11924162096029163	0.10658255029088397	0.10590285002482987	0.10651874169447889	0.10486526676154727	0.10464887239113005	0.11359872160864246	0.1133129700682197	0.10420776078989494	0.17842270698260246	0.18126357666602858	0.10528973264198106	0.18124415665842702	0.1782423783405881	0.10267358018937282	0.1811470566204193	0.1796794589031025	0.10095907094683634	0.11872005504185011	0.12172183335968906	0.11980480118073646	0.25196072719605606	0.17988198183951862	0.10439363800550973	0.18281717727415225	0.1277337128557676	0.12174402765409083	0.2465286736412237	0.25108127828038607	0.11816519768180594	0.2531508962333508	0.24808504853614757	0.2539887308470175	0.25159729562522715	0.2533229020149645	0.1179599004585896	0.1156683395616072	0.2478242655769268	0.25369188215939387	0.25510121985390605	0.25177484998044125	0.10029879068838378
"P_ni_A15277_pa"	0.17973217035230668	0.1757150030655869	0.2605943077183433	0.17856696989621393	0.17838386696739936	0.17847819271860688	0.17898033862944684	0.1761145003648187	0.17745170660252516	0.17750719233852957	0.10589452716442921	0.17954074456309144	0.0	0.17977933322791043	0.18172410827486524	0.18334151747939398	0.09927785314590251	0.26335749737136327	0.27200494932765157	0.2664286328592077	0.18226231991410807	0.19449969898988217	0.1808280136383939	0.17677200633647105	0.17837276982019848	0.17726582938691035	0.17624211755762886	0.17731576654931433	0.17770139241454502	0.17767364954654283	0.1772047950773055	0.1817573997164679	0.18185727404127583	0.18255916860173171	0.18131351382843255	0.1766055491284578	0.17444992828468622	0.17648625479604832	0.17660832341525803	0.17548196297436836	0.1765916776944567	0.17786507533575807	0.17908576152785521	0.10455454663992254	0.10704030761292041	0.1792133787206654	0.10450738376431878	0.10374722918105828	0.17674148918166863	0.10465996953833093	0.10614421297644908	0.17800101538896887	0.1833054517509911	0.18225677134050763	0.18274782010414672	0.25806415815654193	0.10473764956873712	0.1787223299570263	0.10707359905452306	0.18518364391474063	0.18272285152294473	0.2505791323695461	0.2540553137302228	0.18096950226520517	0.2551705770239116	0.25151406702122053	0.25724574355047675	0.2555756228967438	0.25634132605360477	0.1808252393515937	0.17899975863704837	0.25258494172610574	0.25667146618283104	0.25675469478683766	0.25522051418631553	0.17810643828737727
"P_ni_A2418_ma"	0.11096314914843267	0.10817221662741051	0.25743162076609155	0.11306050996939962	0.11503580217115685	0.10934851423070414	0.11063855759280683	0.11033616033158276	0.11347665298943274	0.110741206204415	0.17981817324311353	0.1144837190979129	0.17977933322791043	0.0	0.09867860719705482	0.10103952526404275	0.1809084679556003	0.26121019938799234	0.26966899984186565	0.26537995244872425	0.0999936191403595	0.1167197942588909	0.10027382210718179	0.09971341617353718	0.09948315036911885	0.10116159388325247	0.101658191220492	0.10272074306497657	0.10252931727576134	0.10321179182861566	0.09944708464071599	0.09970509331313653	0.10040976216039262	0.1009784909544379	0.0999936191403595	0.1076922650109723	0.10972026866193374	0.11032506318438187	0.10953161715951872	0.1088103025914613	0.10141405398207255	0.10243776581135404	0.11305218710899895	0.17919950728666428	0.18104718229561134	0.1133129700682197	0.1801732819535418	0.17754325806693244	0.1131770300150089	0.1815465539196511	0.18037303060315768	0.11291624705578814	0.1027790030877812	0.10099791096203943	0.1008730680560295	0.25044041802953504	0.17962119888029784	0.11109631491484327	0.1829059544517593	0.10718179623973167	0.09966070472433299	0.245452250362738	0.24993272354509463	0.09943876178031533	0.25222428444207706	0.24756348261770605	0.25320638196935524	0.2514308384172139	0.2534838106493773	0.09980496763794447	0.09820697844101728	0.24625401924800183	0.2532979334337625	0.25497915123469633	0.2513254155188055	0.11431448760309944
"P_ni_A3255_jigu"	0.11476114777793499	0.11390111886986654	0.2585663040673819	0.11993241837354662	0.12037630426158195	0.11236971255614463	0.11352659015183672	0.1142562275802948	0.11790164043578497	0.11743001167974743	0.1822512227669072	0.12053998718279499	0.18172410827486524	0.09867860719705482	0.0	0.09880067581626453	0.18338035749459708	0.26157363095882125	0.2702488257831118	0.26575448116675404	0.09622336337885938	0.11564614526720543	0.09684202933530862	0.10124204820045887	0.10119488532485511	0.10345592906703509	0.10208265710092577	0.10330056900622273	0.10223801716173815	0.10317572610021279	0.10169148266209464	0.09729978665734507	0.09961354184872924	0.09752450388816294	0.09873131864625902	0.11388169886226499	0.11295786135779144	0.11538813659478489	0.11334626150982237	0.1128579870329835	0.10212704568972931	0.1017525169716995	0.11868121502664702	0.18151603676484868	0.18264239720573833	0.11810416337220109	0.1830113773501677	0.1800817304891345	0.12029307565757533	0.18355236327621077	0.1819460512188829	0.11963279539912278	0.09780470685498525	0.0944145283851154	0.0944949827023218	0.25069287812835517	0.1815992653688553	0.11468901632112924	0.1852613239451468	0.10061505938360896	0.09303848213220586	0.24500559018790244	0.25102301825758144	0.09824859274302059	0.2528706932665285	0.24761619406691024	0.25339225918497005	0.25115618402399204	0.25335896774336736	0.09776586683978217	0.09662840925169162	0.2469170737932546	0.2546379139582692	0.25601950878477914	0.2519496300488552	0.1193165267038976
"P_ni_A542_ma"	0.11369304735984996	0.11321587003021198	0.259146130008628	0.11888096367626293	0.11971324971632917	0.11247790974135324	0.11330742149461927	0.11415912754228706	0.1186923121738479	0.11592912252082796	0.18320280313938295	0.11993796694714706	0.18334151747939398	0.10103952526404275	0.09880067581626453	0.0	0.1838381148166335	0.2635516974473787	0.27218250368286573	0.26698903879285235	0.09568237745281631	0.11334071293622192	0.09385967102507123	0.10249880012095891	0.10349476908223819	0.10375832632825917	0.1041495007670903	0.10414672648029008	0.10350031765583863	0.1031230146510086	0.10194949133451518	0.09428413690550502	0.0967976407465051	0.09606800331804702	0.09597645185363972	0.11225319251053535	0.11302166995419652	0.11435332761830252	0.11307715569020094	0.11341007010622745	0.1033505061686267	0.10394697783067418	0.11891148083106536	0.18213470272129792	0.1848756980799161	0.11933317242469892	0.18420154638746244	0.18038967632395903	0.11807087193059844	0.18467040085669975	0.18272562580974497	0.11884212366105984	0.1018579398701079	0.09939437319151179	0.09905868448868507	0.25197182434325693	0.1824509714165231	0.11455307626791843	0.18601315566800664	0.10578355569242037	0.09849550426824025	0.24729437679808464	0.2526015874469071	0.10054292792680322	0.25431054811584314	0.24921140897703722	0.2549264397854921	0.25372794788779673	0.25493753693269305	0.09795174405539696	0.09696409795451834	0.24895617459141692	0.25615544883798996	0.25669920905083327	0.2542051252174347	0.11894199798586778
"P_ni_A7066_pa"	0.18050064779596786	0.17754880664053288	0.26202861399405747	0.17981817324311353	0.1796961046239038	0.18038967632395903	0.17993746757552304	0.17656116053965426	0.17891375574624155	0.17859193847741592	0.1001933677899754	0.18096950226520517	0.09927785314590251	0.1809084679556003	0.18338035749459708	0.1838381148166335	0.0	0.26530227241831805	0.27365010140018253	0.2685842537029793	0.1833970032153984	0.19653325121444404	0.18240658282771957	0.17863355277941922	0.1796961046239038	0.17919395871306384	0.17730466940211345	0.17886104429703734	0.17811476114777794	0.1798292703903144	0.17870013566262452	0.18321944886018426	0.18366888332182005	0.18402676631904852	0.18253697430732993	0.1777235867089468	0.1757122287787867	0.17768197240694347	0.1788971100254402	0.17712156647329888	0.1787362013910274	0.17971552463150536	0.18096950226520517	0.09973006189433851	0.10002413629516192	0.1803203191539535	0.09944431035391577	0.09861202431384952	0.17969055605030337	0.10006297631036501	0.09773534968497974	0.17991249899432105	0.18407947776825273	0.18375211192582666	0.184648206562298	0.25953730444745915	0.09935275888950848	0.17989030469991926	0.10030711354878445	0.18606864140401105	0.18386863197143594	0.2524684216804965	0.25570046580275374	0.18159371679525485	0.2574149750452902	0.2537751107634005	0.25980641026708057	0.25794208953733216	0.25840816971976927	0.18268678579454187	0.18033973916155505	0.254346613844246	0.2577284694537152	0.2588603784682053	0.2566548204620297	0.17875284711182873
"P_ni_A7862_In"	0.2601920361323113	0.2585274640521788	0.18498944383872515	0.26147930520761375	0.2609078021267683	0.26050830482753645	0.26064979345434774	0.25911006428022515	0.2606636648883488	0.25981473312748127	0.2635516974473787	0.26103819360637864	0.26335749737136327	0.26121019938799234	0.26157363095882125	0.2635516974473787	0.26530227241831805	0.0	0.13517157576715966	0.14939811847869208	0.2621395854660663	0.2721242436600611	0.2606775363223499	0.2586745012525905	0.25938749296024727	0.25925155290703644	0.2573844578904878	0.25866895267899004	0.25885482989460484	0.2587161155545938	0.25875218128299665	0.2616624081364283	0.26292748291732904	0.262286622666478	0.26130729942600006	0.2588631527550055	0.2594651729906534	0.2592987157826402	0.2594263329754503	0.2595650473154614	0.2584497840217726	0.25853578691257945	0.2610492907535795	0.2629441286381303	0.2649915522966933	0.2617761538952374	0.26378473753859727	0.2614765309208135	0.2586994698337925	0.2651913009463092	0.263806931832999	0.260791282081159	0.2623948198516866	0.26181221962364026	0.26273605712811376	0.19006084010952884	0.2629496772117308	0.26127955655799784	0.2655353125095366	0.2588908956230077	0.2608578649643643	0.18141616244004072	0.1803758048899579	0.26085231639076384	0.17958235886509474	0.18090291938199987	0.18251200572612797	0.17946029024588503	0.17977101036750978	0.2605304991219382	0.2599811903354945	0.18079194790999104	0.18077252790238948	0.18009005334953518	0.17907743866745457	0.2598202817010817
"P_ni_A7911_In"	0.2700546257070964	0.2678906820029241	0.1937700615614241	0.26977164845347384	0.269372151154242	0.26819030497734797	0.2694747997658502	0.26786848770852234	0.2696662255550654	0.26940544259584465	0.271821846398837	0.26979661703467583	0.27200494932765157	0.26966899984186565	0.2702488257831118	0.27218250368286573	0.27365010140018253	0.13517157576715966	0.0	0.13177307443688913	0.27092575176236566	0.28038884403791897	0.26929169683703563	0.26796558774653007	0.26764654476450467	0.26801552490893404	0.26656457291241853	0.2678102276857177	0.26727479033327506	0.26741905324688653	0.2675660904472983	0.27062612878794184	0.27084252315835905	0.271444543394007	0.27022663148871007	0.2679600391729296	0.26850657367257313	0.26921679109342966	0.26817920783014704	0.2691613053574252	0.26629824137959734	0.2684094736345654	0.2692195653802299	0.271369637650401	0.2738332043289971	0.27094517176996724	0.27203824076925426	0.27025714864351247	0.2683123735965577	0.2729121411113238	0.2718995264292432	0.2687007737485886	0.27121982616318907	0.2706094830671405	0.2715943548812189	0.19926869799946179	0.27072045453914934	0.27024327720951136	0.2739996615370104	0.2673607932240819	0.2698215856158778	0.1874835276721237	0.1864598158428422	0.2693277625654385	0.18647646156364353	0.1880966450549725	0.18984999431271207	0.1883352337197915	0.18761391915173406	0.26936105400704113	0.2686785794541868	0.18959475992709174	0.18764998488013693	0.18681215026647024	0.18720887327890182	0.26892271669260626
"P_ni_A7928_In"	0.2641620405434273	0.26341298310736766	0.1900802601171304	0.26527175526351565	0.2646170235786635	0.26418423483782905	0.26492496941348803	0.2631078115593434	0.26532169242591963	0.2642397205738335	0.26683367873203995	0.2648139979414792	0.2664286328592077	0.26537995244872425	0.26575448116675404	0.26698903879285235	0.2685842537029793	0.14939811847869208	0.13177307443688913	0.0	0.2664924414556128	0.2758445622591572	0.2637875118253975	0.26283870573972196	0.2626306342297054	0.26250024275009504	0.26138775374320644	0.26215623118686765	0.2630467772497385	0.2620591311488599	0.2626500542373069	0.2652994981315178	0.2660263612731757	0.26518020379910834	0.26459482928426176	0.26334917451096257	0.2631078115593434	0.2642452691474339	0.2634851145641734	0.26430630345703876	0.26253075990489744	0.2633713688053644	0.2645754092766602	0.26650353860281367	0.2689837510022111	0.26601803841277505	0.2678102276857177	0.2649804551494924	0.26339633738656637	0.26850102509897267	0.26713885028006423	0.26385132042180254	0.2666256072220234	0.26546040676593063	0.2662122384887905	0.19479099910390538	0.26600971555237435	0.26493884084748914	0.2702488257831118	0.26274437998851446	0.26460592643146263	0.1837160461974238	0.18280885441375158	0.264761286492275	0.18330822603779134	0.18368552904262136	0.18605476997000997	0.1846620779962991	0.1833304203321931	0.26451714925385555	0.26383467470100125	0.18418490066666113	0.18410999492305516	0.1824398742693222	0.1821041855664955	0.2643118520306392
"P_ni_J210_ma"	0.11264714123616672	0.11152078079527705	0.2582777782401589	0.11701941723331474	0.11771298893336996	0.11219770677453093	0.1110741206204415	0.11299670137299454	0.11580982818841846	0.1148554735291425	0.18115815376762018	0.11904742088427618	0.18226231991410807	0.0999936191403595	0.09622336337885938	0.09568237745281631	0.1833970032153984	0.2621395854660663	0.27092575176236566	0.2664924414556128	0.0	0.11257778406616119	0.09408993682948956	0.09962741328273034	0.10076209658402066	0.10107559099244562	0.10174419411129884	0.10272906592537723	0.10213259426332975	0.10222692001453726	0.10020446493717627	0.09260014481777097	0.09435349407551054	0.09444504553991782	0.09293305923379747	0.11073010905721412	0.11102695774483774	0.11357930160104092	0.11190363237370753	0.11161510654648456	0.10283726311058584	0.101658191220492	0.11835939775782141	0.17994024186232324	0.18335816320019532	0.11681689429689862	0.18291705159896018	0.1803869020371588	0.11796822331899028	0.18320280313938295	0.1814799710364458	0.1180126119077938	0.10109501100004717	0.09801555265180203	0.09830685276582522	0.2505264209203419	0.18078917362319083	0.11356820445384003	0.18492286095551985	0.10263474017416972	0.09622891195245982	0.24603207630398416	0.2511672811711929	0.098304078479025	0.2532979334337625	0.24824318288376016	0.254108025179427	0.2511117954351885	0.2543355166970451	0.09617897479005584	0.09625110624686159	0.24696701095565857	0.25565885150075046	0.2551816741711125	0.2518053671352437	0.11783505755257967
"P_ni_J227_ma"	0.12957861357791445	0.1281748244570027	0.2674523446884892	0.13355139227583068	0.1345612326711111	0.12892943046666278	0.12817759874380294	0.1302111509683648	0.13351810083422805	0.1314207400132611	0.19486035627391088	0.13523538436356475	0.19449969898988217	0.1167197942588909	0.11564614526720543	0.11334071293622192	0.19653325121444404	0.2721242436600611	0.28038884403791897	0.2758445622591572	0.11257778406616119	0.0	0.11163730084088633	0.11792938330378717	0.11841488349382583	0.11905574374467684	0.1199019012187442	0.11943859532310731	0.11931930099069782	0.11982976976193845	0.11810693765900131	0.11296618421819211	0.11323251575101331	0.11366253020504753	0.11331574435501994	0.12800559296218925	0.1284910931522279	0.13076600832840898	0.1283856702538195	0.12743131559454354	0.11839268919942406	0.12057050433759742	0.13412566964347641	0.19400865022624308	0.19558444512876852	0.1336318465930371	0.1955816708419683	0.19286841835135232	0.13349035796622583	0.1961836910776162	0.19509339636512943	0.13498292426474465	0.11848701495063156	0.11647288273367123	0.1146168848643235	0.26128233084479807	0.19505178206312612	0.12997811087714625	0.1973655372545103	0.12222397927052903	0.11508019075996039	0.2566104318732262	0.26008106466030245	0.11505244789195818	0.26313832871414583	0.257650789423309	0.26378196325179704	0.26233378554208175	0.26292193434372857	0.11569053385600897	0.11526329368877496	0.25703489775365995	0.26488890368508516	0.2651274923499041	0.26216732833406853	0.1337123009102435
"P_ni_J260_ma"	0.1119785381173135	0.11117399494524945	0.256294163178001	0.1170665801089185	0.11816519768180594	0.11135154930046358	0.11094927771443157	0.11257778406616119	0.11572937387121206	0.11430893902949898	0.18103331086161026	0.11775182894857304	0.1808280136383939	0.10027382210718179	0.09684202933530862	0.09385967102507123	0.18240658282771957	0.2606775363223499	0.26929169683703563	0.2637875118253975	0.09408993682948956	0.11163730084088633	0.0	0.10040143929999196	0.10125314534765975	0.10226576002974036	0.10175806554529994	0.10168870837529442	0.10033208212998643	0.1011144310076487	0.10056789650800521	0.09300796497740343	0.09564353743761322	0.09444781982671804	0.09496661145835934	0.11149858650087528	0.11057474899640175	0.1130716071166005	0.1100365373571589	0.10972581723553418	0.10121430533245666	0.10273184021217746	0.11575989102601449	0.17917176441866206	0.18247316571092487	0.11780176611097702	0.18187669404887738	0.17901363007104948	0.11643959129206859	0.18309460595417434	0.180866853653597	0.11738839737774412	0.10030988783558467	0.09760218391856913	0.09697242081491901	0.24923082898463877	0.18057000496597336	0.11266656124376825	0.18429309785186973	0.10517321259637179	0.09627052625446314	0.24398187835862095	0.24888404313461118	0.09784632115698856	0.2507650095851609	0.2463594421464102	0.2522131872948762	0.2506041009507481	0.2524184845180925	0.09754669818256471	0.09648137205127992	0.24574909905036163	0.2530537961953431	0.2533867106113696	0.2500048550019004	0.11612332259684342
"P_ni_J361_roar"	0.10786704507938621	0.108077890876203	0.25470172255467427	0.11157904081808169	0.11227816109173734	0.107839302211384	0.10648267596607602	0.10748419350095574	0.11129606356445916	0.11023073743317437	0.1771770522093033	0.1127525641345751	0.17677200633647105	0.09971341617353718	0.10124204820045887	0.10249880012095891	0.17863355277941922	0.2586745012525905	0.26796558774653007	0.26283870573972196	0.09962741328273034	0.11792938330378717	0.10040143929999196	0.0	0.052220400440556744	0.061861047071324136	0.09997142484595772	0.10078983945202287	0.09974393332833961	0.10003800772916302	0.05733895958696418	0.10103675097724253	0.10120320818525577	0.10159993119768736	0.10068164226681425	0.10711521335652636	0.107650650708969	0.1093041256419006	0.10701811331851864	0.10593614146643252	0.10057621936840587	0.1007010622744158	0.11077727193281788	0.1761255975120196	0.17845044985060465	0.11025570601437636	0.17806482398537396	0.17501310850513105	0.11070791476281235	0.17877781569303072	0.17834225266539605	0.11259442978696252	0.10234621434694675	0.1006594479724125	0.10135579395926791	0.24872036021339813	0.17609230607041695	0.10787259365298665	0.17933822162667531	0.10683778467650429	0.10049853933799968	0.24290545508013528	0.247901945607333	0.10125869392126019	0.24956096911386505	0.24534960175112983	0.25109237542758694	0.24857332301298643	0.25065403811315207	0.10073712800281867	0.09986600194754934	0.24350192674218277	0.25088985249117085	0.25120057261279555	0.24807949996254713	0.11148471506687418
"P_ni_J363_roar"	0.10824712237101647	0.10793640224939174	0.25448255389745683	0.11177046660729693	0.11236416398254419	0.1071318590773277	0.10672403891769523	0.10866326539104959	0.11169833515049118	0.1104887461055949	0.17811753543457814	0.11186756664530466	0.17837276982019848	0.09948315036911885	0.10119488532485511	0.10349476908223819	0.1796961046239038	0.25938749296024727	0.26764654476450467	0.2626306342297054	0.10076209658402066	0.11841488349382583	0.10125314534765975	0.052220400440556744	0.0	0.05344663520625435	0.10081758232002508	0.1009146823580328	0.09964128471673145	0.10032375926958577	0.057225213828155125	0.10065667368561228	0.10179967984730326	0.10158605976368625	0.10106726813204496	0.10686275325770628	0.10695430472211356	0.108957339791873	0.10631621875806277	0.10621634443325483	0.10056789650800521	0.10124204820045887	0.11161788083328478	0.17741009230052185	0.17858638990381548	0.11073565763081455	0.17875562139862894	0.1762476661312293	0.11157071795768103	0.1796406188878994	0.1789886614898475	0.11131548357206071	0.10285390883138718	0.10248770297375802	0.10365567771665099	0.24861216302818953	0.17708272645809578	0.10748696778775596	0.18051174494316874	0.1085439710586401	0.10033485641678666	0.24251428064130415	0.24776045698052174	0.09989651910235177	0.24958593769506704	0.24536347318513094	0.251394772688811	0.24833196006136724	0.250540292354343	0.10058454222880653	0.09873131864625902	0.244120592698632	0.2512754783564015	0.25193575861485407	0.24782703986372703	0.11140426074966778
"P_ni_J371_roar"	0.1109409548540309	0.10867158825145026	0.25479049973228135	0.11420906470469104	0.11357097874064025	0.10941509711390944	0.10762013355416657	0.10954826288032005	0.1129384413501899	0.11167891514288965	0.17811476114777794	0.11397879890027271	0.17726582938691035	0.10116159388325247	0.10345592906703509	0.10375832632825917	0.17919395871306384	0.25925155290703644	0.26801552490893404	0.26250024275009504	0.10107559099244562	0.11905574374467684	0.10226576002974036	0.061861047071324136	0.05344663520625435	0.0	0.10187458559090921	0.10182187414170502	0.10217420856533306	0.10148063686527786	0.0579936912718163	0.10384987779266645	0.10333940902142581	0.1046294523835285	0.10261254587976795	0.1086910082590518	0.10935961137790502	0.11061913758520528	0.10849403389623613	0.107839302211384	0.1023795057885494	0.10322011468901632	0.11311876999220426	0.17681362063847436	0.1789387243274435	0.11209783244972299	0.17878058997983093	0.17631702330123483	0.11272204697977267	0.17970442748430449	0.17892485289344243	0.11318812716220977	0.10419943792949428	0.10360019198064657	0.10210485139532754	0.24911985751262994	0.1770300150088916	0.1088491426066644	0.17993746757552304	0.10895179121827256	0.10077041944442132	0.2430830094353494	0.2485400315713838	0.10108113956604606	0.2502878322555229	0.2451443045279135	0.2514585812852161	0.2485011915561807	0.2505208723467415	0.10156941404288493	0.10038756786599085	0.244334212782249	0.25150574416081983	0.25161671563282867	0.2486232601753904	0.11396492746627161
