"V1"	"V2"	"V3"	"V4"	"V5"	"V6"	"V8"	"V9"	"V10"	"V11"	"V12"	"V13"	"V14"	"V15"	"V16"	"V17"	"V18"	"V19"	"V21"	"V22"	"V23"	"V24"	"V25"	"V26"	"V27"	"V28"	"V29"	"V30"	"V31"	"V32"	"V33"	"V34"	"V35"	"V36"	"V37"	"V38"	"V39"	"V40"	"V41"	"V42"	"V43"	"V44"	"V45"	"V46"	"V47"	"V48"	"V49"	"V50"	"V51"	"V52"	"V53"	"V54"	"V55"	"V56"	"V57"	"V58"	"V59"	"V60"	"V61"	"V62"	"V63"
"T_ae_28095_In"	0.0	0.10078121209180455	0.1264091739854756	0.12226858815727756	0.1240396590486357	0.11997994403739466	0.10339333947951543	0.10411308975043265	0.10274637294385948	0.12434696815307228	0.12391026574150452	0.12162970870331732	0.11877496886473547	0.12488071554498843	0.14530868390832485	0.12327138628754428	0.09696410953143449	0.10864185550002427	0.10866611674511135	0.12053795267439792	0.12205832403318938	0.10406456726025846	0.10550406780209294	0.1184838339236903	0.1173112070778139	0.1230125996732819	0.1013473078105035	0.10081356041858734	0.11743251330324939	0.11898523298882366	0.11780451906125156	0.11790965112329564	0.11772364824429456	0.1183706147799505	0.12107978714800977	0.12098274216766138	0.11910653921425914	0.11879923010982257	0.12373234994419914	0.14373170297766347	0.10503501706374238	0.10596503145874779	0.11638119268280848	0.14434632118653662	0.09846830672683456	0.12373234994419914	0.12243841687288726	0.12746049460591652	0.1444757144936678	0.14268846943891828	0.12490497679007553	0.11780451906125156	0.11562100700341275	0.1445727594740162	0.12091804551409578	0.12210684652336358	0.09819334594918078	0.1172626845876397	0.12491306387177123	0.11777217073446876	0.14411179581736136
"T_ae_75520_In"	0.10078121209180455	0.0	0.12014977275300436	0.11654293431672247	0.11682598217607194	0.11245895806039433	0.09642227505782264	0.09609070470829896	0.09512834198651075	0.11805521859381823	0.11648632474485257	0.1172465104242483	0.11403593899105569	0.11811991524738383	0.13985799084542352	0.1160253610881977	0.09042974752130946	0.10074886376502175	0.10083782166367444	0.1138256748669675	0.1150710854481052	0.09652740711986672	0.0990990990990991	0.1115289436653889	0.11260452553091692	0.1162517993756773	0.09374545101654617	0.09250004043540848	0.11173920778947709	0.11238617432513304	0.11199799440373946	0.11223251977291475	0.1116583369725201	0.11240234848852443	0.11477186342536433	0.11582318404580523	0.11367202031474923	0.11308975043265887	0.11800669610364405	0.13975285878337942	0.098080126805441	0.09931745030488298	0.11128633121451793	0.13939702718876867	0.09439241755220211	0.11782878030633866	0.11692302715642033	0.12108787422970547	0.13989842625390203	0.1380788328723697	0.11877496886473547	0.11078493214938458	0.1103644039012082	0.1399469487440762	0.11545117828780306	0.11570187782036974	0.09251621459879987	0.11218399728274055	0.11875070761964837	0.11261261261261261	0.13913015349281058
"T_ae_80508_arsu"	0.1264091739854756	0.12014977275300436	0.0	0.10100765037928414	0.10185679395733256	0.10067608002976046	0.11892862341695376	0.11977776699500219	0.11866983680269139	0.09849256797192166	0.10269785045368528	0.10166270399663578	0.10076503792841315	0.10146861403593899	0.13294353599560063	0.10065181878467336	0.1184029631067333	0.12205832403318938	0.12146796706940334	0.11672893719572355	0.11886392676338817	0.11782069322464296	0.12039238520387532	0.11059892927038349	0.11238617432513304	0.10065181878467336	0.12029534022352693	0.11972924450482798	0.1105665809436007	0.11245895806039433	0.11131059245960502	0.1117553819528685	0.10839924304915328	0.10948291199637698	0.10319924951881863	0.10433144095621653	0.1094101282611157	0.10910281915667912	0.10158183317967878	0.13256344315590277	0.11856470474064729	0.11803904443042684	0.11291183463535348	0.1322561340514662	0.12086143594222588	0.10080547333689165	0.10169505232341858	0.10382195480938748	0.13269283646303395	0.13185986704837693	0.10060329629449917	0.11027544600255552	0.1105665809436007	0.1334368479790383	0.1184514855969075	0.11939767415530432	0.11867792388438708	0.11327575331165995	0.10051433839584648	0.0990182282821421	0.13228039529655328
"T_ae_80716_arsu"	0.12226858815727756	0.11654293431672247	0.10100765037928414	0.0	0.09577530852216669	0.09761916314878613	0.11530561081728048	0.11557248451323855	0.11478803758875572	0.09968945606288515	0.10062755753958627	0.09815291054070228	0.09764342439387323	0.10041729341549809	0.12954696168340693	0.09775664353761301	0.11513578210167079	0.11649441182654827	0.11734355540459669	0.11100328335516846	0.1127500930014395	0.11421385478836107	0.1148931696507998	0.10526145535122196	0.10678991379170913	0.09879178999466252	0.11644588933637408	0.11576657447393533	0.10532615200478755	0.10738027075549517	0.10670095589305643	0.10520484577935206	0.10399987060669287	0.10433952803791224	0.09993206851375612	0.10206705808142073	0.10525336826952626	0.1047681433677843	0.09854109046209585	0.13005644783023598	0.11448881556601485	0.11546735245119447	0.10639364678861986	0.13063871771232632	0.11688259174794184	0.09930127614149158	0.09902631536383781	0.10204279683633365	0.12966826790884242	0.12906173678166497	0.1001180713927572	0.10624807931809727	0.10558493861904993	0.13128568424798226	0.11293609588044058	0.11210312646578356	0.1150549112847138	0.10632086305335857	0.10112895660471963	0.09571869895029679	0.1297410516441037
"T_ae_81278_arsu"	0.1240396590486357	0.11682598217607194	0.10185679395733256	0.09577530852216669	0.0	0.09935788571336147	0.11649441182654827	0.1161628414770246	0.11630032186585149	0.09981076228832064	0.1025118475746842	0.10071651543823895	0.10002911349410452	0.10191340352920245	0.1319488249470296	0.10007763598427871	0.11582318404580523	0.11750529703851069	0.11835444061655911	0.11369628155983631	0.11599301276141491	0.11370436864153202	0.11629223478415579	0.10822941433354359	0.10856098468306727	0.09923657948792598	0.11795817361346984	0.11710094295372572	0.10790593106571562	0.10834263347728339	0.10806767269962961	0.10843159137593608	0.10488136251152409	0.1058841606417908	0.10204279683633365	0.10315881411034014	0.10752583822601776	0.10611868601096608	0.09945493069370986	0.1307761981011532	0.11590405486276223	0.11714137836220422	0.10989535316285765	0.13137464214663497	0.11888010092677956	0.10079738625519595	0.10199427434615944	0.10277872127064228	0.13048506316010805	0.13050932440519514	0.10218027722516053	0.10733983534701667	0.10767949277823605	0.13145551296359195	0.11485273424232131	0.11469907969010303	0.11679363384928915	0.10909473207498342	0.10207514516311644	0.09736037653452376	0.13029906028110697
"T_ae_81338_arsu"	0.11997994403739466	0.11245895806039433	0.10067608002976046	0.09761916314878613	0.09935788571336147	0.0	0.11081728047616737	0.11173112070778139	0.11138337619486632	0.09704498034839149	0.09972989147136364	0.09866239668753134	0.09486955537224837	0.09994015559545183	0.13068724020250053	0.09834700050139907	0.1104695359632523	0.11308975043265887	0.112628786776004	0.09842787131835606	0.09975415271645074	0.10912708040176622	0.1103886651462953	0.09486955537224837	0.09725524447247966	0.09645462338460543	0.11205460397560936	0.1115855532372588	0.09729567988095816	0.0968589774693904	0.09705306743008718	0.09817717178578939	0.0946269429213774	0.0955650443980785	0.09725524447247966	0.09833891341970337	0.09780516602778722	0.0968023678975205	0.09806395264204959	0.13040419234315104	0.11095476086499426	0.1116098144823459	0.09608261762660326	0.13152020961715755	0.1139631552557944	0.09765959855726462	0.09667297459038932	0.10006146182088732	0.13074384977437042	0.12949035211153703	0.10041729341549809	0.09601792097303767	0.0957591343587753	0.1309055914082844	0.10105617286945832	0.10148478819933039	0.11218399728274055	0.0968185420609119	0.09885648664822812	0.09318744237954292	0.1309460268167629
"T_ae_82491_pu"	0.10339333947951543	0.09642227505782264	0.11892862341695376	0.11530561081728048	0.11649441182654827	0.11081728047616737	0.0	0.08985556472091481	0.08897407281608359	0.11670467595063645	0.11594449027124072	0.11592831610784932	0.11231339058987173	0.11871027221116988	0.13719734096753847	0.11558057159493425	0.08715447943455125	0.09195820596179663	0.09280734953984505	0.11194138483186958	0.11375289113170621	0.09043783460300515	0.09281543662154075	0.10967700195707376	0.10987917899946625	0.11323531790318146	0.09485338120885697	0.09431963381694082	0.11035631681951251	0.10903003542141783	0.10980639526420496	0.1104452747181652	0.11009753020525014	0.11228104226308894	0.11346984327235674	0.11411680980801268	0.1128067025733094	0.11041292639138241	0.11644588933637408	0.1380788328723697	0.0910039303217041	0.09250004043540848	0.1093373445258544	0.13691429310818898	0.09655166836495382	0.1161062319051547	0.11532987206236757	0.12014168567130865	0.13757743380723633	0.1356284471185728	0.1173920778947709	0.10940204117942	0.10809193394471671	0.13754508548045352	0.11350219159913953	0.11287948630857068	0.09516069031329355	0.10999239814320605	0.11756190661038057	0.11127824413282222	0.13638863279796853
"T_ae_82606_pu"	0.10411308975043265	0.09609070470829896	0.11977776699500219	0.11557248451323855	0.1161628414770246	0.11173112070778139	0.08985556472091481	0.0	0.05145810082973458	0.11745677454833649	0.11507917252980089	0.11629223478415579	0.11188477525999968	0.11918741003121613	0.13919485014637617	0.11482847299723421	0.08407330130848982	0.09073705662574603	0.09082601452439873	0.11212738771087065	0.11440794474905785	0.09099584324000841	0.08931373024730296	0.10989535316285765	0.1105180584534265	0.11565335533019555	0.09463503000307309	0.09541138984586023	0.11029970724764261	0.11120546039756093	0.11070406133242758	0.11043718763646951	0.11033205557442541	0.11013796561372863	0.11464247011823313	0.11462629595484174	0.1128309638183965	0.11131059245960502	0.11773173532599027	0.13912206641111488	0.08921668526695457	0.09202290261536222	0.11025118475746842	0.13794135248354278	0.09825804260274637	0.11577466155563103	0.11604962233328481	0.11929254209326022	0.13845892571206755	0.13686577061801478	0.11806330567551393	0.11068788716903619	0.10835880764067479	0.13939702718876867	0.11320296957639867	0.11353453992592233	0.09613922719847316	0.1105018842900351	0.11811991524738383	0.11162598864573729	0.13841849030358905
"T_ae_82608_pu"	0.10274637294385948	0.09512834198651075	0.11866983680269139	0.11478803758875572	0.11630032186585149	0.11138337619486632	0.08897407281608359	0.05145810082973458	0.0	0.11612240606854611	0.1150387371213224	0.11547543953289016	0.11192521066847817	0.11812800232907952	0.13931615637181166	0.11472334093519013	0.08348294434470377	0.09090688534135571	0.09089879825966002	0.11089006421142866	0.11304122794248468	0.08951590728969544	0.08919242402186747	0.10962847946689958	0.11033205557442541	0.11352645284422663	0.0945460721044204	0.09415789218302684	0.10975787277403076	0.11016222685881573	0.11003283355168454	0.10905429666650493	0.10941821534281139	0.11082536755786307	0.11408446148122989	0.11456968638297184	0.1127258317563524	0.11041292639138241	0.11646206349976547	0.1388551927151568	0.08804405842107817	0.09085027576948582	0.10844776553932747	0.13827292283306647	0.09663253918191081	0.11583127112750093	0.11534604622575897	0.11917123586782474	0.13853170944732884	0.13727821178449545	0.11740825205816229	0.11017840102220712	0.10788166982062852	0.13862875442767722	0.11204651689391366	0.11242660973361153	0.09495042618920536	0.11000857230659744	0.11693111423811603	0.11058275510699209	0.137666391705889
"T_ae_85274_suta"	0.12434696815307228	0.11805521859381823	0.09849256797192166	0.09968945606288515	0.09981076228832064	0.09704498034839149	0.11670467595063645	0.11745677454833649	0.11612240606854611	0.0	0.1014120044640691	0.09977841396153785	0.09858961295227005	0.09880796415805393	0.13152829669885324	0.09855726462548725	0.11580700988241384	0.11805521859381823	0.11864557555760429	0.11542691704271596	0.11691494007472464	0.11485273424232131	0.11795817361346984	0.10860142009154576	0.1093535186892458	0.09970563022627654	0.11858896598573439	0.1161466673136332	0.10871463923528556	0.11018648810390283	0.10843967845763178	0.11072832257751468	0.10638555970692416	0.10895725168615654	0.09992398143206042	0.10155757193459168	0.1070567874876672	0.10668478172966503	0.09892118330179371	0.1309055914082844	0.11669658886894076	0.11796626069516554	0.11004092063338024	0.1309541138984586	0.11909036505086774	0.10010189722936581	0.09964902065440664	0.10051433839584648	0.13032332152619405	0.12989470619632199	0.10004528765749592	0.10882785837902534	0.10835880764067479	0.1309217655716758	0.11723033626085691	0.11636501851941708	0.11692302715642033	0.11037249098290391	0.09951962734727546	0.09816908470409368	0.1298623578695392
"T_ae_86147_arsu"	0.12391026574150452	0.11648632474485257	0.10269785045368528	0.10062755753958627	0.1025118475746842	0.09972989147136364	0.11594449027124072	0.11507917252980089	0.1150387371213224	0.1014120044640691	0.0	0.10146052695424329	0.09991589435036473	0.10158992026137448	0.13215908907111779	0.10030407427175829	0.11477186342536433	0.11836252769825481	0.11718990085237842	0.11220825852782765	0.11345366910896534	0.11456159930127614	0.11627606062076438	0.10620764390961877	0.10851246219289307	0.10103191162437122	0.11674511135911494	0.11601727400650201	0.10716191954971128	0.10779271192197584	0.10742070616397367	0.10788166982062852	0.10569007068109403	0.10514014912578647	0.10000485224901742	0.1012826111569379	0.10749348989923496	0.10325585909068853	0.1013311336471121	0.13245831109385867	0.11528943665388908	0.11706050754524722	0.10664434632118654	0.13148786129037476	0.11752147120190208	0.10123408866676371	0.1014767011176347	0.10345803613308102	0.13182751872159412	0.1309622009801543	0.10232584469568312	0.10520484577935206	0.10672521713814354	0.1322965694599447	0.11355880117100943	0.11351836576253094	0.1150953466931923	0.10922412538211461	0.10212366765329063	0.09816908470409368	0.13130185841137368
"T_ae_86229_arsu"	0.12162970870331732	0.1172465104242483	0.10166270399663578	0.09815291054070228	0.10071651543823895	0.09866239668753134	0.11592831610784932	0.11629223478415579	0.11547543953289016	0.09977841396153785	0.10146052695424329	0.0	0.09897779287366361	0.10040920633380239	0.1331457130379931	0.10095104080741424	0.11507917252980089	0.118491921005386	0.11811182816568813	0.1116098144823459	0.11351836576253094	0.11376906529509762	0.11664806637876655	0.1059812056221392	0.10605398935740049	0.09934979863166578	0.11638927976450418	0.11647015058146118	0.10497840749187248	0.1069678295890145	0.10535041324987465	0.10679800087340482	0.1036359519303864	0.10496223332848108	0.10192957769259385	0.1024471509211186	0.1047600562860886	0.10558493861904993	0.09914762158927329	0.131051158878807	0.11491743089588691	0.11499021463114821	0.10847202678441457	0.13287883934203504	0.11689067882963754	0.10344994905138531	0.09997250392223463	0.10324777200899284	0.13245831109385867	0.1310107234703285	0.10095104080741424	0.10607825060248759	0.10530189075970045	0.13307292930273182	0.11200608148543517	0.11346984327235674	0.11674511135911494	0.1071053099778414	0.1013634819738949	0.09744124735148074	0.13181943163989843
"T_ae_86569_arsu"	0.11877496886473547	0.11403593899105569	0.10076503792841315	0.09764342439387323	0.10002911349410452	0.09486955537224837	0.11231339058987173	0.11188477525999968	0.11192521066847817	0.09858961295227005	0.09991589435036473	0.09897779287366361	0.0	0.09960858524592815	0.13024245070923707	0.0990667507723163	0.11125398288773514	0.11411680980801268	0.11397932941918579	0.10309411745677455	0.10584372523331231	0.10971743736555227	0.11245087097869863	0.09990780726866903	0.10057903504941207	0.09775664353761301	0.11329192747505135	0.11267730926617821	0.0991637957526647	0.10146052695424329	0.09948727902049266	0.09941449528523137	0.09856535170718295	0.09992398143206042	0.09755446649522054	0.09824995552105067	0.1001746809646271	0.09894544454688081	0.09847639380853025	0.13036375693467256	0.11180390444304268	0.11197373315865237	0.09985928477849483	0.13057402105876073	0.11529752373558477	0.09934979863166578	0.09860578711566144	0.10201044850955085	0.13031523444449836	0.1289161693111424	0.09971371730797224	0.10066799294806476	0.09951962734727546	0.1311077684506769	0.10557685153735423	0.10509971371730797	0.11256409012243841	0.10163035566985297	0.09967328189949375	0.09381014767011177	0.1298380966244521
"T_ae_A15069_suta"	0.12488071554498843	0.11811991524738383	0.10146861403593899	0.10041729341549809	0.10191340352920245	0.09994015559545183	0.11871027221116988	0.11918741003121613	0.11812800232907952	0.09880796415805393	0.10158992026137448	0.10040920633380239	0.09960858524592815	0.0	0.13084898183641452	0.09980267520662493	0.1172626845876397	0.12082100053374739	0.11985863781195917	0.11782069322464296	0.11867792388438708	0.11713329128050852	0.11883157843660537	0.11133485370469212	0.1116502498908244	0.1013392207288078	0.11913888754104195	0.1183463535348634	0.10965274071198668	0.11220825852782765	0.11110841541721254	0.11202225564882656	0.10879551005224254	0.110477623044948	0.10293237582286056	0.1037410839924305	0.10970935028385657	0.10953143448655119	0.098080126805441	0.13050123732349944	0.11692302715642033	0.11812800232907952	0.11203034273052226	0.13173047374124575	0.11921975835799893	0.09956814983744966	0.09840361007326896	0.10027172594497549	0.131051158878807	0.13007262199362737	0.09928510197810018	0.1105423196985136	0.1103644039012082	0.1309379397350672	0.11934915166513012	0.1195028062173484	0.11878305594643117	0.11363967198796643	0.09780516602778722	0.09977032687984214	0.13114011677745968
"T_ae_A15279_pa"	0.14530868390832485	0.13985799084542352	0.13294353599560063	0.12954696168340693	0.1319488249470296	0.13068724020250053	0.13719734096753847	0.13919485014637617	0.13931615637181166	0.13152829669885324	0.13215908907111779	0.1331457130379931	0.13024245070923707	0.13084898183641452	0.0	0.12944991670305853	0.13827292283306647	0.14100635644621282	0.14167758422695587	0.14175845504391285	0.14444336616688502	0.13748038882688793	0.13955068174098695	0.13525644136057063	0.13738334384653952	0.13140699047341775	0.13955068174098695	0.1377715237679331	0.13656654859527392	0.13622689116405454	0.13837805489511054	0.1365584615135782	0.13646950361492552	0.13634011030779433	0.1311724651042425	0.13246639817555436	0.13709220890549437	0.13453669108965338	0.1308328076730231	0.08388729842948874	0.13848318695715464	0.14030278033868698	0.13755317256214922	0.08395199508305433	0.13951833341420414	0.1311239426140683	0.1311077684506769	0.13260387856438124	0.08487392239636404	0.08387921134779304	0.1323612661135103	0.13608132369353196	0.13750465007197502	0.08241544956087146	0.14377213838614197	0.144766849434713	0.13879049606159122	0.13827292283306647	0.1299270545231048	0.12932052339592734	0.08274701991039514
"T_ae_A16041_suta"	0.12327138628754428	0.1160253610881977	0.10065181878467336	0.09775664353761301	0.10007763598427871	0.09834700050139907	0.11558057159493425	0.11482847299723421	0.11472334093519013	0.09855726462548725	0.10030407427175829	0.10095104080741424	0.0990667507723163	0.09980267520662493	0.12944991670305853	0.0	0.11473142801688582	0.11615475439532891	0.1172626845876397	0.1115208565836932	0.11286331214517929	0.11434324809549226	0.11468290552671163	0.10564963527261552	0.10758244779788766	0.0990667507723163	0.1161871027221117	0.11578274863732674	0.10665243340288223	0.10770375402332315	0.10749348989923496	0.10725896453005969	0.10556876445565853	0.10529380367800475	0.10104808578776263	0.10112895660471963	0.10675756546492633	0.10418587348569396	0.09834700050139907	0.13010497032041018	0.11431089976870946	0.11668041470554935	0.10828602390541349	0.1299917511766704	0.1184838339236903	0.09771620812913452	0.09949536610218837	0.09958432400084105	0.12902130137318646	0.1288029501674026	0.09930936322318729	0.10616720850114028	0.1058598993967037	0.1307195885292833	0.11335662412861695	0.11291183463535348	0.1150063887945396	0.10766331861484464	0.09829847801122486	0.0967538454073463	0.12967635499053812
"T_ae_A21562_pu"	0.09696410953143449	0.09042974752130946	0.1184029631067333	0.11513578210167079	0.11582318404580523	0.1104695359632523	0.08715447943455125	0.08407330130848982	0.08348294434470377	0.11580700988241384	0.11477186342536433	0.11507917252980089	0.11125398288773514	0.1172626845876397	0.13827292283306647	0.11473142801688582	0.0	0.08611124589580604	0.08731622106846523	0.11306548918757177	0.11374480405001051	0.08730813398676954	0.08560984683067269	0.1094586507512899	0.11017840102220712	0.11348601743574814	0.08905494363304058	0.08826240962686205	0.1092807349539845	0.11133485370469212	0.11088197712973297	0.11032396849272971	0.11018648810390283	0.11067171300564478	0.11359114949779223	0.11454542513788474	0.11139146327656202	0.1103886651462953	0.11590405486276223	0.137747262522846	0.08564219515745548	0.08778527180681579	0.10873081339867695	0.13729438594788684	0.09130315234444498	0.11537030747084608	0.11566144241189125	0.11858087890403869	0.13844275154867614	0.13714073139566857	0.11743251330324939	0.1103644039012082	0.10758244779788766	0.13800604913710837	0.11299270545231048	0.11380950070357611	0.08937842690086856	0.1093696928526372	0.11706859462694293	0.11065553884225339	0.13675255147427498
"T_ae_A2720_pu"	0.10864185550002427	0.10074886376502175	0.12205832403318938	0.11649441182654827	0.11750529703851069	0.11308975043265887	0.09195820596179663	0.09073705662574603	0.09090688534135571	0.11805521859381823	0.11836252769825481	0.118491921005386	0.11411680980801268	0.12082100053374739	0.14100635644621282	0.11615475439532891	0.08611124589580604	0.0	0.08804405842107817	0.11499021463114821	0.11699581089168162	0.09376162517993757	0.08617594254937164	0.11177155611625988	0.11365584615135782	0.11547543953289016	0.0991314474258819	0.09856535170718295	0.11227295518139324	0.11291992171704919	0.1139388940107073	0.11304122794248468	0.11267730926617821	0.11248321930548143	0.11642162809128698	0.11632458311093859	0.11469099260840733	0.11323531790318146	0.11858896598573439	0.1412247076519967	0.08640238083685121	0.09278308829475795	0.11199799440373946	0.14069096026008054	0.10157374609798309	0.1172465104242483	0.11799052194025264	0.12173484076536141	0.14022190952173	0.13935659178029017	0.1196807220146538	0.11204651689391366	0.11038057806459961	0.1414187976126935	0.11643780225467838	0.11642971517298267	0.10005337473919161	0.11383376194866321	0.11821696022773222	0.11246704514209002	0.14110340142656122
"T_ae_A2833_pu"	0.10866611674511135	0.10083782166367444	0.12146796706940334	0.11734355540459669	0.11835444061655911	0.112628786776004	0.09280734953984505	0.09082601452439873	0.09089879825966002	0.11864557555760429	0.11718990085237842	0.11811182816568813	0.11397932941918579	0.11985863781195917	0.14167758422695587	0.1172626845876397	0.08731622106846523	0.08804405842107817	0.0	0.1149497792226697	0.11451307681110194	0.09351092564737089	0.0865722095524609	0.11131059245960502	0.11138337619486632	0.1160819706600676	0.09867048376922703	0.09831465217461627	0.11100328335516846	0.11134294078638782	0.11234573891665453	0.11222443269121905	0.11189286234169538	0.11224869393630614	0.11607388357837191	0.11600918692480632	0.11552396202306436	0.1128067025733094	0.1184838339236903	0.14196063208630533	0.08725152441489964	0.09269413039610526	0.11147233409351902	0.1412489688970838	0.10159800734307017	0.11675319844081065	0.117416339139858	0.1207077813900076	0.1410710530997784	0.14038365115564397	0.11997994403739466	0.11111650249890824	0.11022692351238132	0.14200915457647953	0.11748103579342359	0.11496595338606111	0.10009381014767012	0.11251556763226422	0.11838678894334191	0.1127177446746567	0.1413217526323451
"T_ae_A317_jigu"	0.12053795267439792	0.1138256748669675	0.11672893719572355	0.11100328335516846	0.11369628155983631	0.09842787131835606	0.11194138483186958	0.11212738771087065	0.11089006421142866	0.11542691704271596	0.11220825852782765	0.1116098144823459	0.10309411745677455	0.11782069322464296	0.14175845504391285	0.1115208565836932	0.11306548918757177	0.11499021463114821	0.1149497792226697	0.0	0.07952836139550681	0.11052614553512219	0.11306548918757177	0.09214420884079771	0.09178029016449124	0.10838306888576188	0.11251556763226422	0.11232147767156744	0.09130315234444498	0.09204716386044932	0.0922574279845375	0.0922655150662332	0.09059148915522344	0.09076940495252883	0.10798680188267262	0.10721044203988549	0.0956135668882527	0.09252430168049558	0.11502256295793101	0.14257525029517848	0.11123780872434373	0.11210312646578356	0.08329694146570268	0.14170184547204295	0.11581509696410953	0.11185242693321688	0.11075258382260178	0.11752147120190208	0.14189593543273973	0.1400925162145988	0.11671276303233215	0.08897407281608359	0.08680673492163618	0.1412489688970838	0.0774823297264949	0.08002976046064017	0.11316253416792016	0.0888527665906481	0.11542691704271596	0.09673767124395491	0.14200106749478383
"T_ae_A324_jigu"	0.12205832403318938	0.1150710854481052	0.11886392676338817	0.1127500930014395	0.11599301276141491	0.09975415271645074	0.11375289113170621	0.11440794474905785	0.11304122794248468	0.11691494007472464	0.11345366910896534	0.11351836576253094	0.10584372523331231	0.11867792388438708	0.14444336616688502	0.11286331214517929	0.11374480405001051	0.11699581089168162	0.11451307681110194	0.07952836139550681	0.0	0.11235382599835024	0.11520047875523638	0.09461885583968169	0.09365649311789348	0.1093535186892458	0.11576657447393533	0.1149740404677568	0.09180455140957834	0.09290439452019345	0.09169133226583855	0.09385058307859026	0.09267795623271387	0.09308231031749883	0.10965274071198668	0.10866611674511135	0.09629288175069145	0.09317126821615151	0.11652676015333106	0.14403092500040435	0.11414915813479548	0.1149821275494525	0.08425121710579521	0.14432205994144953	0.11712520419881281	0.11304931502418038	0.11251556763226422	0.11952706746243551	0.14395005418344736	0.14263185986704838	0.11870218512947418	0.09235447296488589	0.08784188137868569	0.14393388002005597	0.08032898248338105	0.08041794038203375	0.11397124233749009	0.09061575040031054	0.11644588933637408	0.09806395264204959	0.14342439387322692
"T_ae_A3559_pu"	0.10406456726025846	0.09652740711986672	0.11782069322464296	0.11421385478836107	0.11370436864153202	0.10912708040176622	0.09043783460300515	0.09099584324000841	0.08951590728969544	0.11485273424232131	0.11456159930127614	0.11376906529509762	0.10971743736555227	0.11713329128050852	0.13748038882688793	0.11434324809549226	0.08730813398676954	0.09376162517993757	0.09351092564737089	0.11052614553512219	0.11235382599835024	0.0	0.09130315234444498	0.10892490335937374	0.10919177705533181	0.1126934834295696	0.09492616494411826	0.09468355249324728	0.10800297604606401	0.10852054927458878	0.10738835783719088	0.1094343895062028	0.10843967845763178	0.10953952156824688	0.11215164895595775	0.11307357626926748	0.11072832257751468	0.10920795121872322	0.11554822326815145	0.13708412182379867	0.09096349491322561	0.09040548627622236	0.10745305449075647	0.13692238018988467	0.09754637941352484	0.11562909408510845	0.11367202031474923	0.11788538987820855	0.13745612758180084	0.13657463567696962	0.11554013618645576	0.10788975690232423	0.10649877885066394	0.13737525676484383	0.11179581736134699	0.11186860109660828	0.09520112572177204	0.10880359713393825	0.11635693143772138	0.1092969091173759	0.13741569217332233
"T_ae_A439_pu"	0.10550406780209294	0.0990990990990991	0.12039238520387532	0.1148931696507998	0.11629223478415579	0.1103886651462953	0.09281543662154075	0.08931373024730296	0.08919242402186747	0.11795817361346984	0.11627606062076438	0.11664806637876655	0.11245087097869863	0.11883157843660537	0.13955068174098695	0.11468290552671163	0.08560984683067269	0.08617594254937164	0.0865722095524609	0.11306548918757177	0.11520047875523638	0.09130315234444498	0.0	0.10963656654859527	0.11205460397560936	0.11466673136332023	0.097918385171527	0.09764342439387323	0.11018648810390283	0.11075258382260178	0.11256409012243841	0.11076067090429748	0.11110841541721254	0.11052614553512219	0.11572613906545684	0.1150144758762353	0.11302505377909328	0.11025927183916412	0.11763469034564188	0.13858831901919874	0.08565836932084687	0.09202290261536222	0.1094263024245071	0.13883093147006972	0.1001180713927572	0.11590405486276223	0.1161951898038074	0.1195836770343054	0.13852362236563315	0.13770682711436752	0.11798243485855694	0.11000857230659744	0.10953952156824688	0.13968816212981383	0.11380141362188041	0.1138741973571417	0.09854917754379154	0.11076067090429748	0.11734355540459669	0.11206269105730506	0.138903715205331
"T_ae_A458_ma"	0.1184838339236903	0.1115289436653889	0.11059892927038349	0.10526145535122196	0.10822941433354359	0.09486955537224837	0.10967700195707376	0.10989535316285765	0.10962847946689958	0.10860142009154576	0.10620764390961877	0.1059812056221392	0.09990780726866903	0.11133485370469212	0.13525644136057063	0.10564963527261552	0.1094586507512899	0.11177155611625988	0.11131059245960502	0.09214420884079771	0.09461885583968169	0.10892490335937374	0.10963656654859527	0.0	0.08859397997638573	0.10408074142364986	0.11002474646998885	0.10976595985572646	0.09080175327931163	0.09080175327931163	0.0900739159266987	0.09043783460300515	0.0933249227683698	0.09293674284697624	0.10415352515891116	0.10446083426334773	0.0957591343587753	0.09402849887589565	0.10860142009154576	0.13464991023339318	0.10952334740485549	0.11090623837482007	0.08971808433208792	0.13502191599139535	0.1127743542465266	0.10507545247222087	0.1058841606417908	0.11187668817830397	0.13458521357982758	0.1333802384071684	0.11266922218448251	0.09125462985427078	0.08837562877060184	0.13508661264496094	0.09265369498762677	0.09374545101654617	0.11038057806459961	0.09089071117796432	0.10848820094780598	0.09473207498342148	0.13496530641952545
"T_ae_A509_ma"	0.1173112070778139	0.11260452553091692	0.11238617432513304	0.10678991379170913	0.10856098468306727	0.09725524447247966	0.10987917899946625	0.1105180584534265	0.11033205557442541	0.1093535186892458	0.10851246219289307	0.10605398935740049	0.10057903504941207	0.1116502498908244	0.13738334384653952	0.10758244779788766	0.11017840102220712	0.11365584615135782	0.11138337619486632	0.09178029016449124	0.09365649311789348	0.10919177705533181	0.11205460397560936	0.08859397997638573	0.0	0.10442848593656492	0.11080919339447168	0.11089006421142866	0.08864250246655991	0.08959677810665244	0.08861015413977712	0.08941077522765135	0.09197438012518802	0.09428728549015802	0.10503501706374238	0.10408074142364986	0.09518495155838064	0.09633331715916994	0.10966082779368237	0.13692238018988467	0.11072832257751468	0.11060701635207919	0.09032461545926537	0.13865301567276433	0.11253982887735133	0.10788166982062852	0.10558493861904993	0.11330810163844275	0.13753699839875783	0.13626732657253304	0.11151276950199751	0.09242725670014719	0.08901450822456208	0.13862066734598152	0.09359988354602358	0.09351092564737089	0.11114885082569104	0.08994452261956751	0.10993578857133615	0.09551652190790431	0.1376259562974105
"T_ae_A522_ma"	0.1230125996732819	0.1162517993756773	0.10065181878467336	0.09879178999466252	0.09923657948792598	0.09645462338460543	0.11323531790318146	0.11565335533019555	0.11352645284422663	0.09970563022627654	0.10103191162437122	0.09934979863166578	0.09775664353761301	0.1013392207288078	0.13140699047341775	0.0990667507723163	0.11348601743574814	0.11547543953289016	0.1160819706600676	0.10838306888576188	0.1093535186892458	0.1126934834295696	0.11466673136332023	0.10408074142364986	0.10442848593656492	0.0	0.11636501851941708	0.11539456871593316	0.10286767916929497	0.10380578064599609	0.10532615200478755	0.10452553091691333	0.10175166189528846	0.10288385333268636	0.09917188283436039	0.09959241108253676	0.10347421029647241	0.10161418150646158	0.09941449528523137	0.1299432286864962	0.1140197648276643	0.1139146327656202	0.10456596632539182	0.1298785320329306	0.11748103579342359	0.10010998431106151	0.10019085512801851	0.10204279683633365	0.13128568424798226	0.12967635499053812	0.10037685800701959	0.10277063418894658	0.10314263994694875	0.13042845358823815	0.10949099907807269	0.10956378281333398	0.11411680980801268	0.1048166658579585	0.10004528765749592	0.09541138984586023	0.1286897310236628
"T_ae_A7968_In"	0.1013473078105035	0.09374545101654617	0.12029534022352693	0.11644588933637408	0.11795817361346984	0.11205460397560936	0.09485338120885697	0.09463503000307309	0.0945460721044204	0.11858896598573439	0.11674511135911494	0.11638927976450418	0.11329192747505135	0.11913888754104195	0.13955068174098695	0.1161871027221117	0.08905494363304058	0.0991314474258819	0.09867048376922703	0.11251556763226422	0.11576657447393533	0.09492616494411826	0.097918385171527	0.11002474646998885	0.11080919339447168	0.11636501851941708	0.0	0.08789040386885988	0.11073640965921037	0.11206269105730506	0.11199799440373946	0.11114885082569104	0.11130250537790932	0.11232147767156744	0.11543500412441167	0.11579083571902243	0.1127662671648309	0.11234573891665453	0.11862131431251718	0.13868536399954712	0.09639801381273554	0.0968104549792162	0.11041292639138241	0.1391058922477235	0.09384249599689456	0.11719798793407411	0.116179015640416	0.12112022255648827	0.1399307745806848	0.1378038720947159	0.11926019376647742	0.11128633121451793	0.11049379720833939	0.13947789800572566	0.11530561081728048	0.11581509696410953	0.09295291701036763	0.11064745176055768	0.11879923010982257	0.11232147767156744	0.13927572096333318
"T_ae_A8087_In"	0.10081356041858734	0.09250004043540848	0.11972924450482798	0.11576657447393533	0.11710094295372572	0.1115855532372588	0.09431963381694082	0.09541138984586023	0.09415789218302684	0.1161466673136332	0.11601727400650201	0.11647015058146118	0.11267730926617821	0.1183463535348634	0.1377715237679331	0.11578274863732674	0.08826240962686205	0.09856535170718295	0.09831465217461627	0.11232147767156744	0.1149740404677568	0.09468355249324728	0.09764342439387323	0.10976595985572646	0.11089006421142866	0.11539456871593316	0.08789040386885988	0.0	0.1105423196985136	0.11020266226729422	0.11154511782878031	0.11076067090429748	0.11038057806459961	0.1114965953386061	0.11491743089588691	0.11376906529509762	0.11373671696831482	0.11095476086499426	0.11634075727432998	0.13860449318259013	0.09615540136186455	0.09768385980235172	0.10887638086919954	0.13729438594788684	0.09327640027819561	0.11595257735293642	0.11621136396719879	0.11989098613874197	0.1387500606531127	0.13715690555905996	0.11793391236838274	0.11007326896016303	0.10986300483607485	0.1387662348165041	0.11355880117100943	0.11334044996522555	0.09151341646853317	0.11168259821760719	0.11672893719572355	0.11099519627347275	0.1378038720947159
"T_ae_J249_ma"	0.11743251330324939	0.11173920778947709	0.1105665809436007	0.10532615200478755	0.10790593106571562	0.09729567988095816	0.11035631681951251	0.11029970724764261	0.10975787277403076	0.10871463923528556	0.10716191954971128	0.10497840749187248	0.0991637957526647	0.10965274071198668	0.13656654859527392	0.10665243340288223	0.1092807349539845	0.11227295518139324	0.11100328335516846	0.09130315234444498	0.09180455140957834	0.10800297604606401	0.11018648810390283	0.09080175327931163	0.08864250246655991	0.10286767916929497	0.11073640965921037	0.1105423196985136	0.0	0.08850502207773303	0.08758309476442332	0.08916007569508468	0.09214420884079771	0.09243534378184289	0.10501075581865528	0.10408882850534557	0.09427111132676662	0.09562974105164411	0.10808384686302101	0.1344234719459136	0.10834263347728339	0.10946673783298559	0.08899024697947498	0.1366393323305352	0.1127258317563524	0.10656347550422954	0.10661199799440374	0.11307357626926748	0.13641289404305562	0.13485208727578565	0.1105018842900351	0.09088262409626863	0.0876963139081631	0.13586297248774806	0.09260517249745256	0.0923382988014945	0.11127015705112653	0.08773674931664159	0.1092322124638103	0.0934057935853268	0.13588723373283518
"T_ae_J252_ma"	0.11898523298882366	0.11238617432513304	0.11245895806039433	0.10738027075549517	0.10834263347728339	0.0968589774693904	0.10903003542141783	0.11120546039756093	0.11016222685881573	0.11018648810390283	0.10779271192197584	0.1069678295890145	0.10146052695424329	0.11220825852782765	0.13622689116405454	0.10770375402332315	0.11133485370469212	0.11291992171704919	0.11134294078638782	0.09204716386044932	0.09290439452019345	0.10852054927458878	0.11075258382260178	0.09080175327931163	0.08959677810665244	0.10380578064599609	0.11206269105730506	0.11020266226729422	0.08850502207773303	0.0	0.09054296666504925	0.08969382308700083	0.09390719265046016	0.09355136105584938	0.10415352515891116	0.10412117683212836	0.0956135668882527	0.09370501560806767	0.10979830818250925	0.13596001746809647	0.11096284794668995	0.11134294078638782	0.08892555032590939	0.13613793326540186	0.11258026428582982	0.1071457453863199	0.10733983534701667	0.11354262700761802	0.1357659275073997	0.13532113801413623	0.11229721642648034	0.09086644993287722	0.0888608536723438	0.1366393323305352	0.09305804907241173	0.09253238876219128	0.11099519627347275	0.0910039303217041	0.110477623044948	0.09578339560386238	0.13549905381144162
"T_ae_J261_ma"	0.11780451906125156	0.11199799440373946	0.11131059245960502	0.10670095589305643	0.10806767269962961	0.09705306743008718	0.10980639526420496	0.11070406133242758	0.11003283355168454	0.10843967845763178	0.10742070616397367	0.10535041324987465	0.09948727902049266	0.11110841541721254	0.13837805489511054	0.10749348989923496	0.11088197712973297	0.1139388940107073	0.11234573891665453	0.0922574279845375	0.09169133226583855	0.10738835783719088	0.11256409012243841	0.0900739159266987	0.08861015413977712	0.10532615200478755	0.11199799440373946	0.11154511782878031	0.08758309476442332	0.09054296666504925	0.0	0.08901450822456208	0.09390719265046016	0.09419832759150533	0.10441231177317353	0.10431526679282514	0.09491807786242257	0.0957267860319925	0.10887638086919954	0.13718925388584274	0.10984683067268346	0.11168259821760719	0.08905494363304058	0.13794943956523847	0.11311401167774597	0.10721044203988549	0.10606207643909618	0.11287948630857068	0.13804648454558688	0.13713264431397287	0.11066362592394909	0.09068853413557183	0.08805214550277386	0.13764213046080193	0.09173176767431705	0.09261325957914827	0.11131867954130073	0.09042166043961376	0.10953952156824688	0.09487764245394407	0.13743995341840942
"T_ae_J298_ma"	0.11790965112329564	0.11223251977291475	0.1117553819528685	0.10520484577935206	0.10843159137593608	0.09817717178578939	0.1104452747181652	0.11043718763646951	0.10905429666650493	0.11072832257751468	0.10788166982062852	0.10679800087340482	0.09941449528523137	0.11202225564882656	0.1365584615135782	0.10725896453005969	0.11032396849272971	0.11304122794248468	0.11222443269121905	0.0922655150662332	0.09385058307859026	0.1094343895062028	0.11076067090429748	0.09043783460300515	0.08941077522765135	0.10452553091691333	0.11114885082569104	0.11076067090429748	0.08916007569508468	0.08969382308700083	0.08901450822456208	0.0	0.09271839164119236	0.09372118977145907	0.1048085787762628	0.10558493861904993	0.09545991233603442	0.0934219677487182	0.10914325456515762	0.13693855435327607	0.11014605269542432	0.10999239814320605	0.08870719912012551	0.13714881847736426	0.11205460397560936	0.10718618079479839	0.107170006631407	0.1127581800831352	0.1367606385559707	0.13608941077522765	0.1117553819528685	0.09304187490902033	0.08938651398256425	0.1378443075031944	0.09414980510133113	0.09370501560806767	0.11100328335516846	0.09133550067122778	0.1116664240542158	0.09622818509712586	0.13646141653322982
