1	2	3	4	5	6	7	8	9	10	11	12	13	14	15	16	17	18	19	20	21	22	23	24	25	26	27	28	29	30	31	32	33	34	35	36	37	38	39	40	41	42	43	44	45	46	47	48	49	50	51	52	53	54	55	56	57	58	59	60	61	62	63	64	65	66	67	68	69	70	71	72	73
1	0	915.69031855595	910.285787615425	926.292268873079	913.780665792837	1000.55639531792	1817.97340322696	1113.16613163191	433.044176858018	936.178785966907	553.479476377853	455.754217755281	389.810591123954	1573.84355881669	2186.7967052722	951.680926523986	1082.74507100998	1147.51201786991	1923.36274022638	2032.41986436979	1913.11644621982	1954.23790642548	1398.48404179555	1078.36804589267	1125.66133402273	1125.66133402273	481.617687490019	1226.04555911141	2188.37694429807	1128.17883649841	1333.4335162892	1321.118573177	1321.118573177	1321.118573177	1380.94407444209	1306.24576194041	1327.0992523423	1327.0992523423	1327.0992523423	1327.0992523423	1327.0992523423	1327.0992523423	1327.0992523423	1369.922576643	1369.922576643	1369.922576643	1369.922576643	1373.35002190336	1332.85442169057	1332.85442169057	1332.85442169057	1378.58149831008	1378.58149831008	1378.58149831008	651.44210801613	691.612694615643	144.820809148965	721.960492566456	1023.73625072734	712.481088624008	1696.89444611607	1749.40388004458	1749.40388004458	1589.08168882371	2487.0122720097	1405.8100172124	2495.46755885394	1574.73210088474	1961.97672534182	492.202514269243	2272.81321327649	2272.81321327649	757.590776021659
2	915.69031855595	0	116.91519326797	188.04486692054	144.249298756506	285.102063199478	904.954222878835	242.96152558221	569.410773512915	197.610249798599	463.983826445096	531.954766137682	594.439537817511	694.08999073419	1271.57457988823	284.002811002789	255.655058579879	299.512938613851	1008.1406148424	1117.19773898582	997.894320835847	1039.01578104151	517.196361402686	182.063851675175	223.893163969237	223.893163969237	552.405320233375	343.988166149781	1344.33800454796	222.280767966562	473.758247305444	497.972721714776	497.972721714776	497.972721714776	505.520226808669	404.063351487534	461.940037471428	461.940037471428	461.940037471428	461.940037471428	461.940037471428	461.940037471428	461.940037471428	496.142759178202	496.142759178202	496.142759178202	496.142759178202	497.640657712573	483.627023274821	483.627023274821	483.627023274821	567.05825119221	567.05825119221	567.05825119221	290.385766950281	244.236118268196	933.575711741046	357.893984705604	258.244785065815	660.475613247609	781.529601478483	834.181754660606	834.181754660606	673.859563439733	1642.97333225959	490.44078490334	1580.19703310317	709.713098983582	1089.61089868839	1316.144193067	1365.61999638541	1365.61999638541	669.015513572303
3	910.285787615425	116.91519326797	0	71.1633142800572	27.3677461160225	175.615073391118	953.417485397568	346.059446899487	523.665272495491	307.822397625173	415.784905512003	486.298704699433	550.176264438666	667.304298320886	1286.4373613612	392.47135551974	370.177830699783	409.197568889316	1021.62058199483	1130.67770613824	1010.45394391435	1052.31250528987	489.603192696575	278.045019461873	220.497187756263	220.497187756263	505.063919102142	440.308462435547	1440.61126923955	226.202752308603	429.711849647802	432.703808958032	432.703808958032	432.703808958032	474.627406192082	496.304144794488	421.26824820303	421.26824820303	421.26824820303	421.26824820303	421.26824820303	421.26824820303	421.26824820303	463.808273472904	463.808273472904	463.808273472904	463.808273472904	466.722609217771	433.735315954302	433.735315954302	433.735315954302	496.704695904573	496.704695904573	496.704695904573	325.552106788249	218.685378684377	891.471423139465	270.542236111567	374.833951966784	572.480605284451	808.419490526288	846.741377739108	846.741377739108	686.970350721891	1739.24659695118	535.547939062773	1596.16803500844	676.615966893612	1180.61647066953	1272.73364431775	1362.9529689614	1362.9529689614	580.138241544413
4	926.292268873079	188.04486692054	71.1633142800572	0	43.9661250776673	105.275923468464	977.84695392066	413.079000563484	514.65980823712	378.881077599821	400.784863479196	483.30613594369	550.880425139059	650.775131861851	1287.99647910589	463.12179567734	440.120869700853	476.494026732087	1022.41226567228	1129.6758183603	1009.40153898013	1051.18745751398	476.921987431977	340.750608246602	243.202264961376	243.202264961376	490.405275504357	495.937171706379	1494.67115740472	249.889805467976	407.454047655367	400.745831077297	400.745831077297	400.745831077297	457.875647487244	548.849097519077	402.722760237393	402.722760237393	402.722760237393	402.722760237393	402.722760237393	402.722760237393	402.722760237393	446.854149688155	446.854149688155	446.854149688155	446.854149688155	450.281594948518	407.027790556806	407.027790556806	407.027790556806	461.60064726647	461.60064726647	461.60064726647	379.756315661784	248.749347528242	899.351522618737	245.016725607754	445.955761397906	530.221453258034	832.106543685662	848.449811917537	848.449811917537	703.208198034674	1793.30648511635	561.062620641214	1616.28856454533	652.526294460788	1230.91906087143	1263.63717767334	1356.26157563823	1356.26157563823	536.299485538862
5	913.780665792837	144.249298756506	27.3677461160225	43.9661250776673	0	148.592534501478	965.948990524976	372.251915977307	515.66442083988	334.960330576078	407.102033800417	478.349759117274	542.325450219916	660.458442075167	1289.86697742111	419.201048653597	396.766325544254	435.390037967135	1024.26057777494	1132.94911188036	1012.63800436256	1054.42814464347	485.241434417421	301.005843355982	231.779566833946	231.779566833946	496.445651284259	462.543135696046	1462.84594250005	237.991842072292	421.651926661796	421.967241847448	421.967241847448	421.967241847448	467.544226396366	518.199586243258	413.714135600774	413.714135600774	413.714135600774	413.714135600774	413.714135600774	413.714135600774	413.714135600774	456.537459901472	456.537459901472	456.537459901472	456.537459901472	459.722729537751	425.24094808862	425.24094808862	425.24094808862	484.075416091426	484.075416091426	484.075416091426	344.086158732363	225.340377127197	890.602257263451	253.200573021171	402.160193233871	553.0379418003	820.208580289978	849.035114770805	849.035114770805	692.808820946735	1761.48127021168	549.035851305102	1605.47387303392	669.128932074827	1201.43051960068	1264.80052586622	1363.1958169469	1363.1958169469	560.599398242656
6	1000.55639531792	285.102063199478	175.615073391118	105.275923468464	148.592534501478	0	964.223789365138	487.6742204699	580.073297641772	482.657474580409	458.382416638217	552.22497497599	619.523203541585	588.216124880411	1246.08182387704	567.745331333369	525.908563604515	552.829119733249	982.902255535759	1078.24000907488	966.395285486066	1007.50802671742	418.431875837421	410.752867528239	260.840087482518	260.840087482518	542.136606166371	558.584658620611	1531.15989210232	271.55449457622	343.348452041703	324.275382064127	324.275382064127	324.275382064127	396.203306643533	587.312767350107	339.921304559954	339.921304559954	339.921304559954	339.921304559954	339.921304559954	339.921304559954	339.921304559954	384.829318870999	384.829318870999	384.829318870999	384.829318870999	388.623123297754	341.100240463634	341.100240463634	341.100240463634	378.431874926212	378.431874926212	378.431874926212	484.525320321772	346.337419723378	967.42191419868	288.106461793119	539.526133931122	540.943909265176	817.566261998771	822.080547482363	822.080547482363	683.725851522802	1829.08117197856	564.311621190604	1595.95467193599	579.471737411716	1263.93322984646	1297.79324932889	1296.99865405702	1296.99865405702	539.5298244769
7	1817.97340322696	904.954222878835	953.417485397568	977.84695392066	965.948990524976	964.223789365138	0	768.715195030224	1472.57637912448	955.07934508576	1366.05025634045	1435.12037174925	1498.04141797714	509.43660928208	459.534370767023	998.928513071383	833.981883492097	772.459182489592	296.695400403262	374.885208198102	305.110960297772	317.213297924573	586.008653892899	759.984215994427	735.133719904823	735.133719904823	1455.23430436126	674.144002010874	807.340906394819	727.957148452684	661.34588668817	718.368027532859	718.368027532859	718.368027532859	611.810610555056	586.083467002428	655.238004004979	655.238004004979	655.238004004979	655.238004004979	655.238004004979	655.238004004979	655.238004004979	619.849993019136	619.849993019136	619.849993019136	619.849993019136	615.182409137451	675.894011140022	675.894011140022	675.894011140022	721.283743807148	721.283743807148	721.283743807148	1181.38016888674	1148.15605245814	1837.42734047458	1219.09881277721	910.418554593191	1502.02866285032	165.471266665934	254.951645912776	254.951645912776	302.941484629705	1030.53725258109	419.072489506687	717.1648907429	569.650909851221	518.85682491411	2219.99582180054	665.200273849812	665.200273849812	1502.08862177229
8	1113.16613163191	242.96152558221	346.059446899487	413.079000563484	372.251915977307	487.6742204699	768.715195030224	0	778.574823553274	191.872541052362	702.190348413549	740.740887818076	801.593750420705	701.065373473053	1159.9515223941	232.306444924861	75.7420357666614	65.1548992633486	914.063595799989	1023.10989347227	908.123203581958	945.598671802446	541.570128550299	78.2487966975899	289.905893815979	289.905893815979	780.243003388419	113.575629930437	1102.42707338822	278.630930960082	530.825202280208	579.261106070762	579.261106070762	579.261106070762	542.364126188202	195.843689431024	517.780281258431	517.780281258431	517.780281258431	517.780281258431	517.780281258431	517.780281258431	517.780281258431	537.028796973539	537.028796973539	537.028796973539	537.028796973539	536.504386643116	546.229330533919	546.229330533919	546.229330533919	643.044724177767	643.044724177767	643.044724177767	461.933220626921	459.558628224946	1140.52263115393	598.790066721962	146.385756597207	901.371695263966	665.620077040428	746.089911462959	746.089911462959	587.463308371931	1401.06240109985	381.651945889002	1466.02469970484	738.636687274194	852.831443689203	1523.09111247989	1288.58688079254	1288.58688079254	910.665268550979
9	433.044176858018	569.410773512915	523.665272495491	514.65980823712	515.66442083988	580.073297641772	1472.57637912448	778.574823553274	0	643.758950902378	122.044614143954	38.6127348851156	47.1000891243391	1165.20170049315	1800.75521108459	695.711843960138	769.873587011202	827.594352402497	1535.14881143842	1643.28775557912	1522.98244304557	1564.76836157942	991.34855606328	742.15384385464	744.038941373692	744.038941373692	56.0579806527138	891.082494547759	1875.20189499962	749.429007786747	921.303818947843	904.242554252745	904.242554252745	904.242554252745	972.302216118547	970.306041766021	916.992026763951	916.992026763951	916.992026763951	916.992026763951	916.992026763951	916.992026763951	916.992026763951	961.280718319458	961.280718319458	961.280718319458	961.280718319458	964.708163579821	919.793406380596	919.793406380596	919.793406380596	957.340425837844	957.340425837844	957.340425837844	369.587871446181	325.661719278498	388.349326122038	292.330363461452	735.946599760299	325.671143656043	1331.30252669654	1360.39489629346	1360.39489629346	1208.19059971771	2173.83722271125	1053.80271782265	2119.74824396468	1159.19780565927	1631.1996052546	752.277938235873	1870.68814426954	1870.68814426954	367.560716169653
10	936.178785966907	197.610249798599	307.822397625173	378.881077599821	334.960330576078	482.657474580409	955.07934508576	191.872541052362	643.758950902378	0	575.462510965463	605.247757205079	650.294691861827	838.604303910555	1339.03757968922	86.3925612041906	146.764698017778	214.780560023477	1088.42989065065	1197.47694881282	1082.23201513063	1119.96496665311	676.473318883258	201.201828629705	380.472758849524	380.472758849524	651.481086327326	298.708214606628	1252.19815833117	373.244962206043	639.643224298569	670.045903806521	670.045903806521	670.045903806521	671.087099440493	386.8838454808	627.825014464553	627.825014464553	627.825014464553	627.825014464553	627.825014464553	627.825014464553	627.825014464553	661.894043418018	661.894043418018	661.894043418018	661.894043418018	663.323653152864	651.035270700209	651.035270700209	651.035270700209	738.107216096723	738.107216096723	738.107216096723	285.589861404005	331.912255031431	966.596879621268	502.236243683732	92.6138474157612	796.242740479751	844.77889263191	919.986343454638	919.986343454638	759.630015951318	1550.83348604279	557.407777281091	1645.18351529632	875.034947112394	1029.73848405156	1349.52989649816	1462.69569234121	1462.69569234121	817.52417300776
11	553.479476377853	463.983826445096	415.784905512003	400.784863479196	407.102033800417	458.382416638217	1366.05025634045	702.190348413549	122.044614143954	575.462510965463	0	99.7320751588955	165.309085054542	1044.19468925363	1684.34079802216	627.68603687391	700.180847590406	757.789006694625	1419.18691714704	1524.66968316214	1405.49691186653	1447.23441144791	871.745162371802	644.219654846023	636.158574390205	636.158574390205	89.6901530160997	805.386271130523	1804.61742180177	641.54864080326	800.019747020556	782.438400073424	782.438400073424	782.438400073424	851.989956920243	867.790063124638	795.707954836664	795.707954836664	795.707954836664	795.707954836664	795.707954836664	795.707954836664	795.707954836664	840.615969147709	840.615969147709	840.615969147709	840.615969147709	844.409773574464	798.496425965528	798.496425965528	798.496425965528	835.536271658523	835.536271658523	835.536271658523	328.715846137752	243.791389342963	509.827075223629	170.639482457897	667.474694304054	271.588925799444	1223.6540881529	1249.07421572858	1249.07421572858	1099.90741273639	2103.2527495134	947.276595038622	2011.86787698119	1037.57275666968	1551.23733323854	864.210133206883	1751.25544044007	1751.25544044007	305.603530789764
12	455.754217755281	531.954766137682	486.298704699433	483.30613594369	478.349759117274	552.22497497599	1435.12037174925	740.740887818076	38.6127348851156	605.247757205079	99.7320751588955	0	68.1072882436781	1133.01966052372	1766.60549451631	657.200650262839	731.362393313904	789.083158705198	1500.99909487013	1609.13803901083	1488.83272647729	1530.61864501114	959.16651609385	704.4839243808	706.672373577634	706.672373577634	66.3834972470951	853.412575073918	1836.69070130232	712.062439990689	890.506145045327	875.756979923776	875.756979923776	875.756979923776	940.120176149117	932.63612229218	885.429599530074	885.429599530074	885.429599530074	885.429599530074	885.429599530074	885.429599530074	885.429599530074	929.098678350028	929.098678350028	929.098678350028	929.098678350028	932.526123610391	889.55586622193	889.55586622193	889.55586622193	930.302759826854	930.302759826854	930.302759826854	331.272846379442	288.205711903265	416.538475589008	266.741938215839	697.435406063	337.090693238324	1293.84651932131	1326.24517972518	1326.24517972518	1170.82403192165	2135.32602901395	1016.34671044742	2082.38167616862	1129.91799099559	1593.00040068884	786.962965581848	1838.40977160905	1838.40977160905	378.980265751934
13	389.810591123954	594.439537817511	550.176264438666	550.880425139059	542.325450219916	619.523203541585	1498.04141797714	801.593750420705	47.1000891243391	650.294691861827	165.309085054542	68.1072882436781	0	1200.45972802678	1832.03033144469	701.374556999786	776.608740541626	837.74260758758	1566.42393179851	1675.11246590394	1554.80135838614	1596.59149866704	1026.26412484404	766.271244186525	770.549933316866	770.549933316866	103.136216819206	914.473177900205	1881.94475528202	775.894949569589	958.097483304851	943.532853397205	943.532853397205	943.532853397205	1007.56024365217	994.423442097907	952.869667033129	952.869667033129	952.869667033129	952.869667033129	952.869667033129	952.869667033129	952.869667033129	996.538745853084	996.538745853084	996.538745853084	996.538745853084	999.966191113447	957.150302182186	957.150302182186	957.150302182186	997.600988392448	997.600988392448	997.600988392448	375.318273218786	350.938455170702	348.568918600978	332.318948111486	742.482340719748	366.047644276419	1356.7675655492	1391.19846879438	1391.19846879438	1234.70159166088	2180.58008299365	1079.26775667531	2146.25923590786	1197.61025778702	1652.20731505949	722.973965216229	1905.05654396629	1905.05654396629	407.950005944835
14	1573.84355881669	694.08999073419	667.304298320886	650.775131861851	660.458442075167	588.216124880411	509.43660928208	701.065373473053	1165.20170049315	838.604303910555	1044.19468925363	1133.01966052372	1200.45972802678	0	686.832452085593	912.579383828154	774.870563141727	740.029022656662	423.994098792196	518.955941844649	407.487128742503	448.599869973861	178.46427531316	648.223013195009	472.283677293294	472.283677293294	1129.93229622832	662.837628971706	1276.59452389181	474.900201893963	245.013436977887	267.304225401013	267.304225401013	267.304225401013	193.102298765747	616.385197896542	248.549111519014	248.549111519014	248.549111519014	248.549111519014	248.549111519014	248.549111519014	248.549111519014	204.339696201847	204.339696201847	204.339696201847	204.339696201847	201.007095740058	248.219148915367	248.219148915367	248.219148915367	238.33066201321	238.33066201321	238.33066201321	981.597454058703	884.528628624175	1548.95386847439	875.334920390033	838.761854017055	1116.95721421526	347.617271239331	282.781370040235	282.781370040235	235.018944187377	1528.40689645693	373.338309540676	1036.39521656734	63.7382803513139	966.291346450771	1882.25115446359	715.582260803506	715.582260803506	1105.31486161731
15	2186.7967052722	1271.57457988823	1286.4373613612	1287.99647910589	1289.86697742111	1246.08182387704	459.534370767023	1159.9515223941	1800.75521108459	1339.03757968922	1684.34079802216	1766.60549451631	1832.03033144469	686.832452085593	0	1390.170131581	1231.7404253149	1179.40902726307	265.810968684322	167.896035766893	280.178330984808	238.964784618003	827.757124367169	1138.80581202252	1066.55275816755	1066.55275816755	1773.63283379267	1084.49930828489	1116.77249961896	1063.45344993521	908.270184141834	950.95840963979	950.95840963979	950.95840963979	852.440037124913	1000.88008024499	906.739612862657	906.739612862657	906.739612862657	906.739612862657	906.739612862657	906.739612862657	906.739612862657	863.163164905087	863.163164905087	863.163164905087	863.163164905087	858.495581023402	918.556196551633	918.556196551633	918.556196551633	924.046441048333	924.046441048333	924.046441048333	1559.19832588241	1498.62273856259	2177.3319952091	1526.38621231131	1305.86704467952	1785.28517336222	495.003526941844	440.864103199441	440.864103199441	600.23897854231	1241.52053007533	785.445367608772	350.238851577361	719.290417336536	888.414485532134	2542.19556606357	253.188276591861	253.188276591861	1780.88984137778
16	951.680926523986	284.002811002789	392.47135551974	463.12179567734	419.201048653597	567.745331333369	998.928513071383	232.306444924861	695.711843960138	86.3925612041906	627.68603687391	657.200650262839	701.374556999786	912.579383828154	1390.170131581	0	165.963971474214	230.67972313342	1142.98605644087	1252.03235411315	1137.04566422284	1174.52113244332	750.448398800856	267.609422406977	454.447838767123	454.447838767123	703.433979385087	326.539645787343	1243.0490244664	447.220042123642	714.596046837261	745.302070292454	745.302070292454	745.302070292454	745.337505778058	416.12419564369	702.777837003244	702.777837003244	702.777837003244	702.777837003244	702.777837003244	702.777837003244	702.777837003244	736.805370789951	736.805370789951	736.805370789951	736.805370789951	737.997811698641	725.988093238901	725.988093238901	725.988093238901	813.065482807566	813.065482807566	813.065482807566	326.337687713283	396.766616907581	982.867537930725	575.803269042697	89.547297032096	869.809765838715	895.838686227326	975.012372103838	975.012372103838	815.716690808967	1541.68435217803	610.574406529882	1696.24330889174	949.010027029993	1024.90766526707	1369.32498586515	1517.50934143342	1517.50934143342	891.091198366725
17	1082.74507100998	255.655058579879	370.177830699783	440.120869700853	396.766325544254	525.908563604515	833.981883492097	75.7420357666614	769.873587011202	146.764698017778	700.180847590406	731.362393313904	776.608740541626	774.870563141727	1231.7404253149	165.963971474214	0	68.7047350695489	986.947421508288	1095.99371918057	981.007029290257	1018.48249751074	614.41943449541	138.412474910878	356.127365710432	356.127365710432	776.913660061546	162.137249157203	1107.68034834327	345.421777371992	598.311974339703	646.088273431842	646.088273431842	646.088273431842	612.214922716061	251.907625154407	585.337294372022	585.337294372022	585.337294372022	585.337294372022	585.337294372022	585.337294372022	585.337294372022	605.880589256246	605.880589256246	605.880589256246	605.880589256246	605.356178925824	613.716102593414	613.716102593414	613.716102593414	710.072679972971	710.072679972971	710.072679972971	431.472056018104	456.630591656374	1111.11411806632	599.347801147513	76.7929948968302	901.724516651998	737.314795088836	818.973737171257	818.973737171257	660.423533329429	1406.3156760549	454.535771597301	1537.72475480936	812.441876942868	884.418641825557	1493.68259939229	1361.47070650084	1361.47070650084	912.754893096477
18	1147.51201786991	299.512938613851	409.197568889316	476.494026732087	435.390037967135	552.829119733249	772.459182489592	65.1548992633486	827.594352402497	214.780560023477	757.789006694625	789.083158705198	837.74260758758	740.029022656662	1179.40902726307	230.67972313342	68.7047350695489	0	934.708442747721	1043.75474042	928.846327000016	966.243518750177	594.01900494255	143.067810176968	349.030592555842	349.030592555842	834.55489819926	98.3751430769301	1049.01655516392	337.557515514324	588.439069660005	637.004239939538	637.004239939538	637.004239939538	598.519397375936	187.35258412501	575.394148638229	575.394148638229	575.394148638229	575.394148638229	575.394148638229	575.394148638229	575.394148638229	593.55049269185	593.55049269185	593.55049269185	593.55049269185	592.95174197647	603.843197913717	603.843197913717	603.843197913717	700.658591557564	700.658591557564	700.658591557564	496.239002878032	514.266556426955	1175.88106492625	654.703684738736	141.839853018079	957.285313280741	684.983397037	770.125206840774	770.125206840774	614.275614283935	1347.65188287554	408.204741768144	1481.54589309334	778.50049834833	815.779148279433	1558.44954625221	1309.49517369369	1309.49517369369	966.739768275901
19	1923.36274022638	1008.1406148424	1021.62058199483	1022.41226567228	1024.26057777494	982.902255535759	296.695400403262	914.063595799989	1535.14881143842	1088.42989065065	1419.18691714704	1500.99909487013	1566.42393179851	423.994098792196	265.810968684322	1142.98605644087	986.947421508288	934.708442747721	0	109.057124143412	18.4308392319235	31.5399828216253	564.577556025888	888.194631077863	801.745039275928	801.745039275928	1508.47895291756	839.798723769543	1079.47471263022	798.717928917952	645.090615800554	688.027518609365	688.027518609365	688.027518609365	589.260468783633	757.279515148276	643.560044521377	643.560044521377	643.560044521377	643.560044521377	643.560044521377	643.560044521377	643.560044521377	599.983596563806	599.983596563806	599.983596563806	599.983596563806	595.316012682121	655.376628210352	655.376628210352	655.376628210352	661.115550017908	661.115550017908	661.115550017908	1298.47992045348	1234.87237413706	1912.51521584272	1261.93988621434	1060.19736633553	1522.10560502094	255.669315413484	175.257703553267	175.257703553267	334.917742635791	1252.6131624984	532.528953019834	614.663391461954	459.801173140275	811.093072675162	2279.01599772229	386.76516648175	386.76516648175	1517.7102730365
20	2032.41986436979	1117.19773898582	1130.67770613824	1129.6758183603	1132.94911188036	1078.24000907488	374.885208198102	1023.10989347227	1643.28775557912	1197.47694881282	1524.66968316214	1609.13803901083	1675.11246590394	518.955941844649	167.896035766893	1252.03235411315	1095.99371918057	1043.75474042	109.057124143412	0	120.69289208105	78.8138278589783	659.91530956501	997.240928750141	910.80216341934	910.80216341934	1613.52450061558	948.845021441821	1115.82841642615	907.775053061364	740.428369339676	783.081899398847	783.081899398847	783.081899398847	684.598222322755	866.325812820553	738.897798060499	738.897798060499	738.897798060499	738.897798060499	738.897798060499	738.897798060499	738.897798060499	695.321350102928	695.321350102928	695.321350102928	695.321350102928	690.653766221243	750.714381749474	750.714381749474	750.714381749474	756.16993080739	756.16993080739	756.16993080739	1407.5370445969	1343.92949828048	2021.45078038857	1361.38767909749	1169.24366400781	1617.44335856006	362.433924156017	284.298350052601	284.298350052601	443.974866779203	1266.77345051241	641.575250692112	517.723159761873	551.413907095592	865.10404748197	2374.35375126141	290.657503307307	290.657503307307	1613.04802657562
21	1913.11644621982	997.894320835847	1010.45394391435	1009.40153898013	1012.63800436256	966.395285486066	305.110960297772	908.123203581958	1522.98244304557	1082.23201513063	1405.49691186653	1488.83272647729	1554.80135838614	407.487128742503	280.178330984808	1137.04566422284	981.007029290257	928.846327000016	18.4308392319235	120.69289208105	0	41.8870172638341	548.070585976196	882.208583775652	790.578401195451	790.578401195451	1494.49842002232	833.936608021838	1092.58347213445	787.626621535892	628.583645750861	671.520548559672	671.520548559672	671.520548559672	572.75349873394	751.457916896891	627.053074471684	627.053074471684	627.053074471684	627.053074471684	627.053074471684	627.053074471684	627.053074471684	583.476626514113	583.476626514113	583.476626514113	583.476626514113	578.809042632428	638.869658160659	638.869658160659	638.869658160659	644.608579968216	644.608579968216	644.608579968216	1288.23362644693	1223.781066755	1901.13967287077	1246.34127345854	1054.2569741175	1505.59863497125	256.240794302594	163.712566175241	163.712566175241	324.437331387446	1267.11738587079	526.588560801803	630.329050934916	442.510341900419	821.375946444047	2262.5090276726	386.912572248343	386.912572248343	1501.20330298681
22	1954.23790642548	1039.01578104151	1052.31250528987	1051.18745751398	1054.42814464347	1007.50802671742	317.213297924573	945.598671802446	1564.76836157942	1119.96496665311	1447.23441144791	1530.61864501114	1596.59149866704	448.599869973861	238.964784618003	1174.52113244332	1018.48249751074	966.243518750177	31.5399828216253	78.8138278589783	41.8870172638341	0	589.183327207554	919.72970708032	832.436962570973	832.436962570973	1536.2359196037	871.333799771999	1094.83350815026	829.445948129331	669.696386982219	712.633289791031	712.633289791031	712.633289791031	613.866239965298	788.814591150732	668.165815703042	668.165815703042	668.165815703042	668.165815703042	668.165815703042	668.165815703042	668.165815703042	624.589367745472	624.589367745472	624.589367745472	624.589367745472	619.921783863787	679.982399392017	679.982399392017	679.982399392017	685.721321199574	685.721321199574	685.721321199574	1329.35508665258	1265.60039334844	1942.92981315167	1288.07877303992	1091.73244233799	1546.7113762026	285.63351546459	205.571127550763	205.571127550763	365.645761847171	1259.35699497555	564.06402902229	589.066807525739	481.194306181604	829.499424511031	2303.62176890395	357.355289807466	357.355289807466	1542.31604421817
23	1398.48404179555	517.196361402686	489.603192696575	476.921987431977	485.241434417421	418.431875837421	586.008653892899	541.570128550299	991.34855606328	676.473318883258	871.745162371802	959.16651609385	1026.26412484404	178.46427531316	827.757124367169	750.448398800856	614.41943449541	594.01900494255	564.577556025888	659.91530956501	548.070585976196	589.183327207554	0	487.381269106325	298.264811757656	298.264811757656	958.902098814551	536.071423599092	1291.93999383977	304.214855248136	80.7072071911311	133.593173725258	133.593173725258	133.593173725258	25.8019566621567	504.442694168898	79.176635911954	79.176635911954	79.176635911954	79.176635911954	79.176635911954	79.176635911954	79.176635911954	35.6440105605283	35.6440105605283	35.6440105605283	35.6440105605283	30.9764266788432	91.1579483719024	91.1579483719024	91.1579483719024	149.434988090935	149.434988090935	149.434988090935	804.16772947321	706.883632864507	1374.7062648725	705.358757250537	677.92010992837	957.635225322601	420.543345657022	403.755847972492	403.755847972492	283.408806640468	1560.03863744785	292.831785348056	1177.62997242612	199.414925215282	983.694071428927	1714.54561802395	880.04237859429	880.04237859429	953.239893338162
24	1078.36804589267	182.063851675175	278.045019461873	340.750608246602	301.005843355982	410.752867528239	759.984215994427	78.2487966975899	742.15384385464	201.201828629705	644.219654846023	704.4839243808	766.271244186525	648.223013195009	1138.80581202252	267.609422406977	138.412474910878	143.067810176968	888.194631077863	997.240928750141	882.208583775652	919.72970708032	487.381269106325	0	218.175831603172	218.175831603172	727.467104826543	162.878907833633	1163.22874623181	207.082387814087	460.138298890413	507.914597982551	507.914597982551	507.914597982551	483.757979037551	228.711024690999	447.250042613225	447.250042613225	447.250042613225	447.250042613225	447.250042613225	447.250042613225	447.250042613225	475.406735160553	475.406735160553	475.406735160553	475.406735160553	476.433730272283	475.542427144124	475.542427144124	475.542427144124	571.89900452368	571.89900452368	571.89900452368	428.766236057006	416.914825508254	1105.27361698286	539.617269004577	190.852870858295	842.198897546582	645.346244414397	720.024568780781	720.024568780781	559.793957218046	1461.86407394344	356.46967639987	1445.75086707881	685.794326996151	908.50164037224	1487.84209830882	1262.67226098623	1262.67226098623	850.893305145918
25	1125.66133402273	223.893163969237	220.497187756263	243.202264961376	231.779566833946	260.840087482518	735.133719904823	289.905893815979	744.038941373692	380.472758849524	636.158574390205	706.672373577634	770.549933316866	472.283677293294	1066.55275816755	454.447838767123	356.127365710432	349.030592555842	801.745039275928	910.80216341934	790.578401195451	832.436962570973	298.264811757656	218.175831603172	0	0	725.437587980343	325.805759225573	1273.45808013916	12.882316913163	260.148208070139	291.055698739683	291.055698739683	291.055698739683	291.550588045304	341.993498117816	248.329998236123	248.329998236123	248.329998236123	248.329998236123	248.329998236123	248.329998236123	248.329998236123	282.357532022829	282.357532022829	282.357532022829	282.357532022829	283.787141757675	271.540254471779	271.540254471779	271.540254471779	358.617644040444	358.617644040444	358.617644040444	511.40062729375	434.060925091684	1111.22115231135	484.971460002689	397.721194204055	768.952349002662	589.393309669825	626.86583502021	626.86583502021	467.094808002993	1571.36229975358	319.43034294663	1375.79137835887	495.638796171556	1005.81343499687	1493.10731319595	1149.29856993824	1149.29856993824	773.990585286003
26	1125.66133402273	223.893163969237	220.497187756263	243.202264961376	231.779566833946	260.840087482518	735.133719904823	289.905893815979	744.038941373692	380.472758849524	636.158574390205	706.672373577634	770.549933316866	472.283677293294	1066.55275816755	454.447838767123	356.127365710432	349.030592555842	801.745039275928	910.80216341934	790.578401195451	832.436962570973	298.264811757656	218.175831603172	0	0	725.437587980343	325.805759225573	1273.45808013916	12.882316913163	260.148208070139	291.055698739683	291.055698739683	291.055698739683	291.550588045304	341.993498117816	248.329998236123	248.329998236123	248.329998236123	248.329998236123	248.329998236123	248.329998236123	248.329998236123	282.357532022829	282.357532022829	282.357532022829	282.357532022829	283.787141757675	271.540254471779	271.540254471779	271.540254471779	358.617644040444	358.617644040444	358.617644040444	511.40062729375	434.060925091684	1111.22115231135	484.971460002689	397.721194204055	768.952349002662	589.393309669825	626.86583502021	626.86583502021	467.094808002993	1571.36229975358	319.43034294663	1375.79137835887	495.638796171556	1005.81343499687	1493.10731319595	1149.29856993824	1149.29856993824	773.990585286003
27	481.617687490019	552.405320233375	505.063919102142	490.405275504357	496.445651284259	542.136606166371	1455.23430436126	780.243003388419	56.0579806527138	651.481086327326	89.6901530160997	66.3834972470951	103.136216819206	1129.93229622832	1773.63283379267	703.433979385087	776.913660061546	834.55489819926	1508.47895291756	1613.52450061558	1494.49842002232	1536.2359196037	958.902098814551	727.467104826543	725.437587980343	725.437587980343	0	884.046828652013	1882.24196804996	730.827654393399	885.256093670983	866.115556715644	866.115556715644	866.115556715644	937.727563894933	955.083299751646	881.445561811354	881.445561811354	881.445561811354	881.445561811354	881.445561811354	881.445561811354	881.445561811354	926.353576122399	926.353576122399	926.353576122399	926.353576122399	930.147380549154	883.007882092914	883.007882092914	883.007882092914	919.213428300743	919.213428300743	919.213428300743	380.743865398981	320.898302079803	427.808980057057	254.940289643519	743.668735185247	271.94081387283	1312.93310174304	1338.65709186693	1338.65709186693	1189.25103022024	2180.87729576159	1036.46064305943	2101.14689057133	1121.31191206323	1629.90385477792	774.573582058967	1838.52291130842	1838.52291130842	313.83038638644
28	1226.04555911141	343.988166149781	440.308462435547	495.937171706379	462.543135696046	558.584658620611	674.144002010874	113.575629930437	891.082494547759	298.708214606628	805.386271130523	853.412575073918	914.473177900205	662.837628971706	1084.49930828489	326.539645787343	162.137249157203	98.3751430769301	839.798723769543	948.845021441821	833.936608021838	871.333799771999	536.071423599092	162.878907833633	325.805759225573	325.805759225573	884.046828652013	0	1001.15179819732	313.012091092952	536.206377007824	585.190830037891	585.190830037891	585.190830037891	542.909056260756	90.0409308885094	522.672162669478	522.672162669478	522.672162669478	522.672162669478	522.672162669478	522.672162669478	522.672162669478	538.413188274961	538.413188274961	538.413188274961	538.413188274961	537.475642420612	551.610505261535	551.610505261535	551.610505261535	648.425898905382	648.425898905382	648.425898905382	574.94791568065	566.829600503754	1253.40205863343	701.049806927692	237.072580300619	1003.6314354697	590.057733560325	675.967248722381	675.967248722381	527.627953628738	1299.78712590895	321.557081112947	1384.97448148543	710.128052030173	746.689208587826	1635.97053995939	1214.58545471552	1214.58545471552	1012.6268941093
29	2188.37694429807	1344.33800454796	1440.61126923955	1494.67115740472	1462.84594250005	1531.15989210232	807.340906394819	1102.42707338822	1875.20189499962	1252.19815833117	1804.61742180177	1836.69070130232	1881.94475528202	1276.59452389181	1116.77249961896	1243.0490244664	1107.68034834327	1049.01655516392	1079.47471263022	1115.82841642615	1092.58347213445	1094.83350815026	1291.93999383977	1163.22874623181	1273.45808013916	1273.45808013916	1882.24196804996	1001.15179819732	0	1261.61241878905	1351.17295144084	1413.57651256416	1413.57651256416	1413.57651256416	1314.26607447692	946.096827498058	1340.77467229684	1340.77467229684	1340.77467229684	1340.77467229684	1340.77467229684	1340.77467229684	1340.77467229684	1319.56916464108	1319.56916464108	1319.56916464108	1319.56916464108	1315.28174601269	1367.94801762668	1367.94801762668	1367.94801762668	1437.97663201652	1437.97663201652	1437.97663201652	1537.78801973517	1561.95889964479	2217.62296314898	1701.21714011018	1165.29965936704	2003.79876865219	944.144776146255	1061.61205943881	1061.61205943881	1041.92115438137	299.395534266464	1021.15348610085	1152.55087173548	1339.68895265835	310.491911815774	2600.31297264615	1366.81063295798	1366.81063295798	2012.98234864316
30	1128.17883649841	222.280767966562	226.202752308603	249.889805467976	237.991842072292	271.55449457622	727.957148452684	278.630930960082	749.429007786747	373.244962206043	641.54864080326	712.062439990689	775.894949569589	474.900201893963	1063.45344993521	447.220042123642	345.421777371992	337.557515514324	798.717928917952	907.775053061364	787.626621535892	829.445948129331	304.214855248136	207.082387814087	12.882316913163	12.882316913163	730.827654393399	313.012091092952	1261.61241878905	0	267.86595583433	301.493278077555	301.493278077555	301.493278077555	298.800196336771	329.111181204653	256.047746000313	256.047746000313	256.047746000313	256.047746000313	256.047746000313	256.047746000313	256.047746000313	290.07527978702	290.07527978702	290.07527978702	290.07527978702	291.460502257355	279.25800223597	279.25800223597	279.25800223597	366.760128812239	366.760128812239	366.760128812239	511.120143023483	436.578427567362	1116.32937642512	491.141664324527	389.362109886919	778.305262568775	582.216738217686	623.914055360652	623.914055360652	464.125273733303	1559.53369866528	312.204707886227	1372.62469158732	502.472717588706	994.19227971603	1498.497379609	1148.67195510178	1148.67195510178	783.62715824218
31	1333.4335162892	473.758247305444	429.711849647802	407.454047655367	421.651926661796	343.348452041703	661.34588668817	530.825202280208	921.303818947843	639.643224298569	800.019747020556	890.506145045327	958.097483304851	245.013436977887	908.270184141834	714.596046837261	598.311974339703	588.439069660005	645.090615800554	740.428369339676	628.583645750861	669.696386982219	80.7072071911311	460.138298890413	260.148208070139	260.148208070139	885.256093670983	536.206377007824	1351.17295144084	267.86595583433	0	63.7123685954673	63.7123685954673	63.7123685954673	56.2041357673755	513.211247856121	13.7867908320541	13.7867908320541	13.7867908320541	13.7867908320541	13.7867908320541	13.7867908320541	13.7867908320541	45.3060762897168	45.3060762897168	45.3060762897168	45.3060762897168	49.8675627495448	18.0501395984544	18.0501395984544	18.0501395984544	113.0317806548	113.0317806548	113.0317806548	749.49875956038	646.360271200621	1306.55153172037	630.827925494024	647.375634009884	881.355218776983	495.882271803776	484.268907747158	484.268907747158	358.482557615898	1623.90480615988	339.89859598104	1258.14303220079	248.58000723394	1044.47863850049	1638.26561147833	955.471813766615	955.471813766615	876.877595075686
32	1321.118573177	497.972721714776	432.703808958032	400.745831077297	421.967241847448	324.275382064127	718.368027532859	579.261106070762	904.242554252745	670.045903806521	782.438400073424	875.756979923776	943.532853397205	267.304225401013	950.95840963979	745.302070292454	646.088273431842	637.004239939538	688.027518609365	783.081899398847	671.520548559672	712.633289791031	133.593173725258	507.914597982551	291.055698739683	291.055698739683	866.115556715644	585.190830037891	1413.57651256416	301.493278077555	63.7123685954673	0	0	0	108.023260522123	569.767315989231	75.5128289798872	75.5128289798872	75.5128289798872	75.5128289798872	75.5128289798872	75.5128289798872	75.5128289798872	99.8702464219989	99.8702464219989	99.8702464219989	99.8702464219989	104.537830303684	45.6622289970129	45.6622289970129	45.6622289970129	69.5175673444666	69.5175673444666	69.5175673444666	755.792111351432	647.0881407897	1291.59342096197	612.183189766516	688.769489391831	850.226568720763	552.902719296982	528.98458948107	528.98458948107	416.279573595086	1685.55105947988	403.572392891098	1300.57440431087	255.329272530492	1106.85927961328	1616.13411488691	982.463165005655	982.463165005655	839.225873902739
